date/time: ,19/09/2022,02:44 p.m.
Run 1

time	(MT)
0,000000	-1,455939E-1
0,005000	-1,447606E-1
0,010000	-1,449273E-1
0,015000	-1,455106E-1
0,020000	-1,460939E-1
0,025000	-1,461772E-1
0,030000	-1,460939E-1
0,035000	-1,455939E-1
0,040000	-1,443440E-1
0,045000	-1,448440E-1
0,050000	-1,456772E-1
0,055000	-1,446773E-1
0,060000	-1,452606E-1
0,065000	-1,445940E-1
0,070000	-1,436774E-1
0,075000	-1,441773E-1
0,080000	-1,440107E-1
0,085000	-1,455939E-1
0,090000	-1,444273E-1
0,095000	-1,435107E-1
0,100000	-1,455106E-1
0,105000	-1,445106E-1
0,110000	-1,443440E-1
0,115000	-1,445940E-1
0,120000	-1,446773E-1
0,125000	-1,457606E-1
0,130000	-1,435940E-1
0,135000	-1,448440E-1
0,140000	-1,439273E-1
0,145000	-1,445940E-1
0,150000	-1,441773E-1
0,155000	-1,437607E-1
0,160000	-1,435107E-1
0,165000	-1,447606E-1
0,170000	-1,435940E-1
0,175000	-1,412608E-1
0,180000	-1,419275E-1
0,185000	-1,423441E-1
0,190000	-1,430107E-1
0,195000	-1,419275E-1
0,200000	-1,403442E-1
0,205000	-1,397609E-1
0,210000	-1,396776E-1
0,215000	-1,390110E-1
0,220000	-1,380110E-1
0,225000	-1,373444E-1
0,230000	-1,365111E-1
0,235000	-1,355112E-1
0,240000	-1,340946E-1
0,245000	-1,337613E-1
0,250000	-1,332613E-1
0,255000	-1,320113E-1
0,260000	-1,321780E-1
0,265000	-1,311781E-1
0,270000	-1,305114E-1
0,275000	-1,303448E-1
0,280000	-1,291782E-1
0,285000	-1,302614E-1
0,290000	-1,293448E-1
0,295000	-1,277616E-1
0,300000	-1,294282E-1
0,305000	-1,301781E-1
0,310000	-1,308447E-1
0,315000	-1,337613E-1
0,320000	-1,339279E-1
0,325000	-1,360111E-1
0,330000	-1,383443E-1
0,335000	-1,401776E-1
0,340000	-1,424274E-1
0,345000	-1,440940E-1
0,350000	-1,467605E-1
0,355000	-1,475105E-1
0,360000	-1,490937E-1
0,365000	-1,510103E-1
0,370000	-1,527602E-1
0,375000	-1,544268E-1
0,380000	-1,544268E-1
0,385000	-1,561767E-1
0,390000	-1,565100E-1
0,395000	-1,554267E-1
0,400000	-1,549267E-1
0,405000	-1,540934E-1
0,410000	-1,552600E-1
0,415000	-1,525935E-1
0,420000	-1,530935E-1
0,425000	-1,531768E-1
0,430000	-1,530935E-1
0,435000	-1,510936E-1
0,440000	-1,511769E-1
0,445000	-1,514269E-1
0,450000	-1,510936E-1
0,455000	-1,507603E-1
0,460000	-1,488437E-1
0,465000	-1,495104E-1
0,470000	-1,487604E-1
0,475000	-1,475938E-1
0,480000	-1,476771E-1
0,485000	-1,471772E-1
0,490000	-1,474272E-1
0,495000	-1,453439E-1
0,500000	-1,465939E-1
0,505000	-1,463439E-1
0,510000	-1,434274E-1
0,515000	-1,439273E-1
0,520000	-1,435107E-1
0,525000	-1,434274E-1
0,530000	-1,430941E-1
0,535000	-1,430107E-1
0,540000	-1,440107E-1
0,545000	-1,435107E-1
0,550000	-1,430107E-1
0,555000	-1,427607E-1
0,560000	-1,418441E-1
0,565000	-1,432607E-1
0,570000	-1,438440E-1
0,575000	-1,429274E-1
0,580000	-1,418441E-1
0,585000	-1,445106E-1
0,590000	-1,421774E-1
0,595000	-1,425941E-1
0,600000	-1,429274E-1
0,605000	-1,431774E-1
0,610000	-1,417608E-1
0,615000	-1,420108E-1
0,620000	-1,432607E-1
0,625000	-1,434274E-1
0,630000	-1,423441E-1
0,635000	-1,423441E-1
0,640000	-1,439273E-1
0,645000	-1,440940E-1
0,650000	-1,444273E-1
0,655000	-1,436774E-1
0,660000	-1,429274E-1
0,665000	-1,445106E-1
0,670000	-1,454273E-1
0,675000	-1,450939E-1
0,680000	-1,454273E-1
0,685000	-1,451773E-1
0,690000	-1,447606E-1
0,695000	-1,437607E-1
0,700000	-1,450106E-1
0,705000	-1,455939E-1
0,710000	-1,454273E-1
0,715000	-1,449273E-1
0,720000	-1,442607E-1
0,725000	-1,448440E-1
0,730000	-1,450939E-1
0,735000	-1,456772E-1
0,740000	-1,450939E-1
0,745000	-1,452606E-1
0,750000	-1,456772E-1
0,755000	-1,454273E-1
0,760000	-1,452606E-1
0,765000	-1,455939E-1
0,770000	-1,455106E-1
0,775000	-1,464272E-1
0,780000	-1,455106E-1
0,785000	-1,475938E-1
0,790000	-1,452606E-1
0,795000	-1,457606E-1
0,800000	-1,455106E-1
0,805000	-1,453439E-1
0,810000	-1,455939E-1
0,815000	-1,455939E-1
0,820000	-1,457606E-1
0,825000	-1,457606E-1
0,830000	-1,450939E-1
0,835000	-1,459272E-1
0,840000	-1,458439E-1
0,845000	-1,468438E-1
0,850000	-1,464272E-1
0,855000	-1,453439E-1
0,860000	-1,460106E-1
0,865000	-1,470105E-1
0,870000	-1,463439E-1
0,875000	-1,456772E-1
0,880000	-1,480105E-1
0,885000	-1,470105E-1
0,890000	-1,467605E-1
0,895000	-1,460939E-1
0,900000	-1,466772E-1
0,905000	-1,456772E-1
0,910000	-1,466772E-1
0,915000	-1,465939E-1
0,920000	-1,468438E-1
0,925000	-1,484271E-1
0,930000	-1,483438E-1
0,935000	-1,460106E-1
0,940000	-1,473438E-1
0,945000	-1,473438E-1
0,950000	-1,474272E-1
0,955000	-1,466772E-1
0,960000	-1,466772E-1
0,965000	-1,475105E-1
0,970000	-1,471772E-1
0,975000	-1,465105E-1
0,980000	-1,478438E-1
0,985000	-1,463439E-1
0,990000	-1,468438E-1
0,995000	-1,455939E-1
1,000000	-1,476771E-1
1,005000	-1,469272E-1
1,010000	-1,457606E-1
1,015000	-1,464272E-1
1,020000	-1,468438E-1
1,025000	-1,475105E-1
1,030000	-1,473438E-1
1,035000	-1,460106E-1
1,040000	-1,475105E-1
1,045000	-1,470105E-1
1,050000	-1,483438E-1
1,055000	-1,470105E-1
1,060000	-1,463439E-1
1,065000	-1,478438E-1
1,070000	-1,465939E-1
1,075000	-1,473438E-1
1,080000	-1,464272E-1
1,085000	-1,470105E-1
1,090000	-1,470938E-1
1,095000	-1,460939E-1
1,100000	-1,467605E-1
1,105000	-1,470938E-1
1,110000	-1,462605E-1
1,115000	-1,464272E-1
1,120000	-1,461772E-1
1,125000	-1,465105E-1
1,130000	-1,463439E-1
1,135000	-1,463439E-1
1,140000	-1,475105E-1
1,145000	-1,469272E-1
1,150000	-1,479271E-1
1,155000	-1,473438E-1
1,160000	-1,465105E-1
1,165000	-1,480105E-1
1,170000	-1,490104E-1
1,175000	-1,473438E-1
1,180000	-1,470938E-1
1,185000	-1,475938E-1
1,190000	-1,487604E-1
1,195000	-1,478438E-1
1,200000	-1,478438E-1
1,205000	-1,480105E-1
1,210000	-1,488437E-1
1,215000	-1,476771E-1
1,220000	-1,482604E-1
1,225000	-1,487604E-1
1,230000	-1,470105E-1
1,235000	-1,475938E-1
1,240000	-1,469272E-1
1,245000	-1,470938E-1
1,250000	-1,465105E-1
1,255000	-1,465939E-1
1,260000	-1,482604E-1
1,265000	-1,476771E-1
1,270000	-1,479271E-1
1,275000	-1,466772E-1
1,280000	-1,475105E-1
1,285000	-1,474272E-1
1,290000	-1,462605E-1
1,295000	-1,480105E-1
1,300000	-1,467605E-1
1,305000	-1,477605E-1
1,310000	-1,480105E-1
1,315000	-1,470105E-1
1,320000	-1,471772E-1
1,325000	-1,484271E-1
1,330000	-1,478438E-1
1,335000	-1,467605E-1
1,340000	-1,474272E-1
1,345000	-1,470105E-1
1,350000	-1,475105E-1
1,355000	-1,475105E-1
1,360000	-1,465939E-1
1,365000	-1,461772E-1
1,370000	-1,475938E-1
1,375000	-1,469272E-1
1,380000	-1,456772E-1
1,385000	-1,460939E-1
1,390000	-1,469272E-1
1,395000	-1,465105E-1
1,400000	-1,458439E-1
1,405000	-1,468438E-1
1,410000	-1,470105E-1
1,415000	-1,462605E-1
1,420000	-1,480105E-1
1,425000	-1,477605E-1
1,430000	-1,475938E-1
1,435000	-1,474272E-1
1,440000	-1,474272E-1
1,445000	-1,484271E-1
1,450000	-1,478438E-1
1,455000	-1,470938E-1
1,460000	-1,472605E-1
1,465000	-1,475938E-1
1,470000	-1,475105E-1
1,475000	-1,480938E-1
1,480000	-1,481771E-1
1,485000	-1,483438E-1
1,490000	-1,476771E-1
1,495000	-1,468438E-1
1,500000	-1,468438E-1
1,505000	-1,475105E-1
1,510000	-1,460106E-1
1,515000	-1,467605E-1
1,520000	-1,448440E-1
1,525000	-1,469272E-1
1,530000	-1,471772E-1
1,535000	-1,471772E-1
1,540000	-1,465939E-1
1,545000	-1,470938E-1
1,550000	-1,465105E-1
1,555000	-1,467605E-1
1,560000	-1,469272E-1
1,565000	-1,468438E-1
1,570000	-1,462605E-1
1,575000	-1,455106E-1
1,580000	-1,470105E-1
1,585000	-1,466772E-1
1,590000	-1,466772E-1
1,595000	-1,462605E-1
1,600000	-1,475938E-1
1,605000	-1,476771E-1
1,610000	-1,476771E-1
1,615000	-1,461772E-1
1,620000	-1,450106E-1
1,625000	-1,470938E-1
1,630000	-1,458439E-1
1,635000	-1,455939E-1
1,640000	-1,470938E-1
1,645000	-1,463439E-1
1,650000	-1,465105E-1
1,655000	-1,455939E-1
1,660000	-1,460939E-1
1,665000	-1,465105E-1
1,670000	-1,480105E-1
1,675000	-1,464272E-1
1,680000	-1,467605E-1
1,685000	-1,464272E-1
1,690000	-1,472605E-1
1,695000	-1,467605E-1
1,700000	-1,478438E-1
1,705000	-1,486771E-1
1,710000	-1,466772E-1
1,715000	-1,478438E-1
1,720000	-1,478438E-1
1,725000	-1,474272E-1
1,730000	-1,465105E-1
1,735000	-1,466772E-1
1,740000	-1,477605E-1
1,745000	-1,477605E-1
1,750000	-1,466772E-1
1,755000	-1,465939E-1
1,760000	-1,474272E-1
1,765000	-1,488437E-1
1,770000	-1,476771E-1
1,775000	-1,476771E-1
1,780000	-1,478438E-1
1,785000	-1,474272E-1
1,790000	-1,470105E-1
1,795000	-1,473438E-1
1,800000	-1,470938E-1
1,805000	-1,475105E-1
1,810000	-1,470105E-1
1,815000	-1,464272E-1
1,820000	-1,469272E-1
1,825000	-1,470105E-1
1,830000	-1,470938E-1
1,835000	-1,455939E-1
1,840000	-1,460106E-1
1,845000	-1,467605E-1
1,850000	-1,461772E-1
1,855000	-1,460106E-1
1,860000	-1,470105E-1
1,865000	-1,475938E-1
1,870000	-1,467605E-1
1,875000	-1,460106E-1
1,880000	-1,482604E-1
1,885000	-1,470105E-1
1,890000	-1,470938E-1
1,895000	-1,460939E-1
1,900000	-1,480105E-1
1,905000	-1,462605E-1
1,910000	-1,470938E-1
1,915000	-1,460939E-1
1,920000	-1,474272E-1
1,925000	-1,465939E-1
1,930000	-1,471772E-1
1,935000	-1,470105E-1
1,940000	-1,476771E-1
1,945000	-1,475105E-1
1,950000	-1,478438E-1
1,955000	-1,466772E-1
1,960000	-1,475105E-1
1,965000	-1,481771E-1
1,970000	-1,474272E-1
1,975000	-1,470938E-1
1,980000	-1,459272E-1
1,985000	-1,464272E-1
1,990000	-1,466772E-1
1,995000	-1,463439E-1
2,000000	-1,453439E-1
2,005000	-1,468438E-1
2,010000	-1,475105E-1
2,015000	-1,453439E-1
2,020000	-1,469272E-1
2,025000	-1,471772E-1
2,030000	-1,474272E-1
2,035000	-1,457606E-1
2,040000	-1,459272E-1
2,045000	-1,467605E-1
2,050000	-1,458439E-1
2,055000	-1,464272E-1
2,060000	-1,458439E-1
2,065000	-1,457606E-1
2,070000	-1,455939E-1
2,075000	-1,447606E-1
2,080000	-1,455939E-1
2,085000	-1,461772E-1
2,090000	-1,455106E-1
2,095000	-1,455106E-1
2,100000	-1,445106E-1
2,105000	-1,455106E-1
2,110000	-1,468438E-1
2,115000	-1,435940E-1
2,120000	-1,446773E-1
2,125000	-1,457606E-1
2,130000	-1,450106E-1
2,135000	-1,446773E-1
2,140000	-1,451773E-1
2,145000	-1,470105E-1
2,150000	-1,468438E-1
2,155000	-1,434274E-1
2,160000	-1,443440E-1
2,165000	-1,444273E-1
2,170000	-1,447606E-1
2,175000	-1,434274E-1
2,180000	-1,450939E-1
2,185000	-1,452606E-1
2,190000	-1,444273E-1
2,195000	-1,448440E-1
2,200000	-1,455939E-1
2,205000	-1,450939E-1
2,210000	-1,452606E-1
2,215000	-1,445940E-1
2,220000	-1,449273E-1
2,225000	-1,451773E-1
2,230000	-1,431774E-1
2,235000	-1,444273E-1
2,240000	-1,432607E-1
2,245000	-1,450106E-1
2,250000	-1,448440E-1
2,255000	-1,437607E-1
2,260000	-1,443440E-1
2,265000	-1,447606E-1
2,270000	-1,440940E-1
2,275000	-1,423441E-1
2,280000	-1,446773E-1
2,285000	-1,450106E-1
2,290000	-1,440940E-1
2,295000	-1,436774E-1
2,300000	-1,435107E-1
2,305000	-1,437607E-1
2,310000	-1,447606E-1
2,315000	-1,436774E-1
2,320000	-1,442607E-1
2,325000	-1,443440E-1
2,330000	-1,435107E-1
2,335000	-1,418441E-1
2,340000	-1,438440E-1
2,345000	-1,443440E-1
2,350000	-1,444273E-1
2,355000	-1,415941E-1
2,360000	-1,426774E-1
2,365000	-1,433440E-1
2,370000	-1,418441E-1
2,375000	-1,419275E-1
2,380000	-1,426774E-1
2,385000	-1,425108E-1
2,390000	-1,427607E-1
2,395000	-1,435107E-1
2,400000	-1,431774E-1
2,405000	-1,441773E-1
2,410000	-1,434274E-1
2,415000	-1,429274E-1
2,420000	-1,426774E-1
2,425000	-1,425941E-1
2,430000	-1,422608E-1
2,435000	-1,439273E-1
2,440000	-1,434274E-1
2,445000	-1,432607E-1
2,450000	-1,430107E-1
2,455000	-1,430107E-1
2,460000	-1,445106E-1
2,465000	-1,436774E-1
2,470000	-1,442607E-1
2,475000	-1,435107E-1
2,480000	-1,417608E-1
2,485000	-1,426774E-1
2,490000	-1,443440E-1
2,495000	-1,420108E-1
2,500000	-1,430107E-1
2,505000	-1,427607E-1
2,510000	-1,428441E-1
2,515000	-1,414275E-1
2,520000	-1,436774E-1
2,525000	-1,431774E-1
2,530000	-1,430107E-1
2,535000	-1,429274E-1
2,540000	-1,424274E-1
2,545000	-1,427607E-1
2,550000	-1,428441E-1
2,555000	-1,426774E-1
2,560000	-1,445106E-1
2,565000	-1,437607E-1
2,570000	-1,433440E-1
2,575000	-1,426774E-1
2,580000	-1,415941E-1
2,585000	-1,440107E-1
2,590000	-1,422608E-1
2,595000	-1,426774E-1
2,600000	-1,428441E-1
2,605000	-1,417608E-1
2,610000	-1,420108E-1
2,615000	-1,418441E-1
2,620000	-1,415108E-1
2,625000	-1,436774E-1
2,630000	-1,440107E-1
2,635000	-1,417608E-1
2,640000	-1,421774E-1
2,645000	-1,421774E-1
2,650000	-1,424274E-1
2,655000	-1,425108E-1
2,660000	-1,417608E-1
2,665000	-1,426774E-1
2,670000	-1,430107E-1
2,675000	-1,421774E-1
2,680000	-1,422608E-1
2,685000	-1,435940E-1
2,690000	-1,426774E-1
2,695000	-1,403442E-1
2,700000	-1,414275E-1
2,705000	-1,421774E-1
2,710000	-1,415941E-1
2,715000	-1,410942E-1
2,720000	-1,408442E-1
2,725000	-1,410108E-1
2,730000	-1,420108E-1
2,735000	-1,398442E-1
2,740000	-1,410942E-1
2,745000	-1,424274E-1
2,750000	-1,414275E-1
2,755000	-1,420108E-1
2,760000	-1,414275E-1
2,765000	-1,420941E-1
2,770000	-1,420108E-1
2,775000	-1,405942E-1
2,780000	-1,410108E-1
2,785000	-1,405109E-1
2,790000	-1,400942E-1
2,795000	-1,409275E-1
2,800000	-1,395109E-1
2,805000	-1,412608E-1
2,810000	-1,414275E-1
2,815000	-1,396776E-1
2,820000	-1,404275E-1
2,825000	-1,400109E-1
2,830000	-1,399276E-1
2,835000	-1,404275E-1
2,840000	-1,411775E-1
2,845000	-1,428441E-1
2,850000	-1,415941E-1
2,855000	-1,409275E-1
2,860000	-1,413442E-1
2,865000	-1,408442E-1
2,870000	-1,401776E-1
2,875000	-1,408442E-1
2,880000	-1,388443E-1
2,885000	-1,398442E-1
2,890000	-1,404275E-1
2,895000	-1,399276E-1
2,900000	-1,395943E-1
2,905000	-1,403442E-1
2,910000	-1,396776E-1
2,915000	-1,384277E-1
2,920000	-1,397609E-1
2,925000	-1,409275E-1
2,930000	-1,395943E-1
2,935000	-1,400109E-1
2,940000	-1,396776E-1
2,945000	-1,385110E-1
2,950000	-1,390943E-1
2,955000	-1,389276E-1
2,960000	-1,390110E-1
2,965000	-1,389276E-1
2,970000	-1,394276E-1
2,975000	-1,385110E-1
2,980000	-1,392609E-1
2,985000	-1,398442E-1
2,990000	-1,392609E-1
2,995000	-1,380110E-1
3,000000	-1,391776E-1
3,005000	-1,385110E-1
3,010000	-1,380943E-1
3,015000	-1,373444E-1
3,020000	-1,382610E-1
3,025000	-1,392609E-1
3,030000	-1,374277E-1
3,035000	-1,383443E-1
3,040000	-1,382610E-1
3,045000	-1,395943E-1
3,050000	-1,375110E-1
3,055000	-1,374277E-1
3,060000	-1,385943E-1
3,065000	-1,379277E-1
3,070000	-1,380943E-1
3,075000	-1,371777E-1
3,080000	-1,373444E-1
3,085000	-1,375110E-1
3,090000	-1,375110E-1
3,095000	-1,380110E-1
3,100000	-1,383443E-1
3,105000	-1,383443E-1
3,110000	-1,370111E-1
3,115000	-1,370111E-1
3,120000	-1,372611E-1
3,125000	-1,375944E-1
3,130000	-1,357611E-1
3,135000	-1,366778E-1
3,140000	-1,388443E-1
3,145000	-1,375944E-1
3,150000	-1,374277E-1
3,155000	-1,375110E-1
3,160000	-1,380110E-1
3,165000	-1,380943E-1
3,170000	-1,379277E-1
3,175000	-1,376777E-1
3,180000	-1,360945E-1
3,185000	-1,379277E-1
3,190000	-1,389276E-1
3,195000	-1,365111E-1
3,200000	-1,381777E-1
3,205000	-1,364278E-1
3,210000	-1,356778E-1
3,215000	-1,355945E-1
3,220000	-1,370111E-1
3,225000	-1,367611E-1
3,230000	-1,355945E-1
3,235000	-1,351778E-1
3,240000	-1,365944E-1
3,245000	-1,350945E-1
3,250000	-1,358445E-1
3,255000	-1,351778E-1
3,260000	-1,366778E-1
3,265000	-1,352612E-1
3,270000	-1,350112E-1
3,275000	-1,345112E-1
3,280000	-1,358445E-1
3,285000	-1,370111E-1
3,290000	-1,348445E-1
3,295000	-1,356778E-1
3,300000	-1,359278E-1
3,305000	-1,370944E-1
3,310000	-1,369277E-1
3,315000	-1,360945E-1
3,320000	-1,362611E-1
3,325000	-1,354278E-1
3,330000	-1,353445E-1
3,335000	-1,350945E-1
3,340000	-1,352612E-1
3,345000	-1,346779E-1
3,350000	-1,335946E-1
3,355000	-1,330946E-1
3,360000	-1,344279E-1
3,365000	-1,349279E-1
3,370000	-1,339279E-1
3,375000	-1,334279E-1
3,380000	-1,345945E-1
3,385000	-1,346779E-1
3,390000	-1,336779E-1
3,395000	-1,322613E-1
3,400000	-1,321780E-1
3,405000	-1,339279E-1
3,410000	-1,333446E-1
3,415000	-1,327613E-1
3,420000	-1,342612E-1
3,425000	-1,344279E-1
3,430000	-1,336779E-1
3,435000	-1,332613E-1
3,440000	-1,337613E-1
3,445000	-1,325947E-1
3,450000	-1,329280E-1
3,455000	-1,334279E-1
3,460000	-1,329280E-1
3,465000	-1,343446E-1
3,470000	-1,345112E-1
3,475000	-1,329280E-1
3,480000	-1,328446E-1
3,485000	-1,323447E-1
3,490000	-1,319280E-1
3,495000	-1,325947E-1
3,500000	-1,334279E-1
3,505000	-1,330946E-1
3,510000	-1,322613E-1
3,515000	-1,323447E-1
3,520000	-1,314280E-1
3,525000	-1,332613E-1
3,530000	-1,327613E-1
3,535000	-1,307614E-1
3,540000	-1,312614E-1
3,545000	-1,333446E-1
3,550000	-1,323447E-1
3,555000	-1,311781E-1
3,560000	-1,317614E-1
3,565000	-1,319280E-1
3,570000	-1,318447E-1
3,575000	-1,310114E-1
3,580000	-1,311781E-1
3,585000	-1,317614E-1
3,590000	-1,316780E-1
3,595000	-1,307614E-1
3,600000	-1,303448E-1
3,605000	-1,305948E-1
3,610000	-1,290115E-1
3,615000	-1,297615E-1
3,620000	-1,291782E-1
3,625000	-1,288449E-1
3,630000	-1,280949E-1
3,635000	-1,280116E-1
3,640000	-1,291782E-1
3,645000	-1,285949E-1
3,650000	-1,286782E-1
3,655000	-1,289282E-1
3,660000	-1,269283E-1
3,665000	-1,289282E-1
3,670000	-1,289282E-1
3,675000	-1,282616E-1
3,680000	-1,271783E-1
3,685000	-1,276783E-1
3,690000	-1,261783E-1
3,695000	-1,270116E-1
3,700000	-1,264283E-1
3,705000	-1,264283E-1
3,710000	-1,260117E-1
3,715000	-1,243451E-1
3,720000	-1,257617E-1
3,725000	-1,257617E-1
3,730000	-1,249284E-1
3,735000	-1,258450E-1
3,740000	-1,242618E-1
3,745000	-1,260117E-1
3,750000	-1,253451E-1
3,755000	-1,244284E-1
3,760000	-1,250117E-1
3,765000	-1,264283E-1
3,770000	-1,246784E-1
3,775000	-1,250951E-1
3,780000	-1,217619E-1
3,785000	-1,225119E-1
3,790000	-1,223452E-1
3,795000	-1,217619E-1
3,800000	-1,227619E-1
3,805000	-1,231785E-1
3,810000	-1,225952E-1
3,815000	-1,221786E-1
3,820000	-1,220119E-1
3,825000	-1,211786E-1
3,830000	-1,232618E-1
3,835000	-1,205120E-1
3,840000	-1,213453E-1
3,845000	-1,203453E-1
3,850000	-1,206787E-1
3,855000	-1,201787E-1
3,860000	-1,187621E-1
3,865000	-1,210953E-1
3,870000	-1,195954E-1
3,875000	-1,192621E-1
3,880000	-1,200954E-1
3,885000	-1,200954E-1
3,890000	-1,194287E-1
3,895000	-1,180121E-1
3,900000	-1,186788E-1
3,905000	-1,191787E-1
3,910000	-1,190121E-1
3,915000	-1,184288E-1
3,920000	-1,170955E-1
3,925000	-1,180955E-1
3,930000	-1,181788E-1
3,935000	-1,173455E-1
3,940000	-1,160122E-1
3,945000	-1,191787E-1
3,950000	-1,175122E-1
3,955000	-1,158456E-1
3,960000	-1,161789E-1
3,965000	-1,169289E-1
3,970000	-1,159289E-1
3,975000	-1,160122E-1
3,980000	-1,154289E-1
3,985000	-1,154289E-1
3,990000	-1,165955E-1
3,995000	-1,139290E-1
4,000000	-1,151790E-1
4,005000	-1,162622E-1
4,010000	-1,144290E-1
4,015000	-1,135124E-1
4,020000	-1,139290E-1
4,025000	-1,149290E-1
4,030000	-1,130957E-1
4,035000	-1,130957E-1
4,040000	-1,145123E-1
4,045000	-1,135957E-1
4,050000	-1,137624E-1
4,055000	-1,114292E-1
4,060000	-1,118458E-1
4,065000	-1,124291E-1
4,070000	-1,128458E-1
4,075000	-1,116792E-1
4,080000	-1,123458E-1
4,085000	-1,120125E-1
4,090000	-1,112625E-1
4,095000	-1,096793E-1
4,100000	-1,115958E-1
4,105000	-1,120125E-1
4,110000	-1,111792E-1
4,115000	-1,106792E-1
4,120000	-1,107625E-1
4,125000	-1,116792E-1
4,130000	-1,109292E-1
4,135000	-1,093460E-1
4,140000	-1,096793E-1
4,145000	-1,104292E-1
4,150000	-1,099293E-1
4,155000	-1,099293E-1
4,160000	-1,098459E-1
4,165000	-1,090126E-1
4,170000	-1,092626E-1
4,175000	-1,084293E-1
4,180000	-1,085127E-1
4,185000	-1,089293E-1
4,190000	-1,087627E-1
4,195000	-1,077627E-1
4,200000	-1,088460E-1
4,205000	-1,078460E-1
4,210000	-1,068461E-1
4,215000	-1,064295E-1
4,220000	-1,059295E-1
4,225000	-1,081794E-1
4,230000	-1,067628E-1
4,235000	-1,054295E-1
4,240000	-1,065961E-1
4,245000	-1,059295E-1
4,250000	-1,050129E-1
4,255000	-1,045129E-1
4,260000	-1,049295E-1
4,265000	-1,057628E-1
4,270000	-1,057628E-1
4,275000	-1,049295E-1
4,280000	-1,046796E-1
4,285000	-1,046796E-1
4,290000	-1,039296E-1
4,295000	-1,035130E-1
4,300000	-1,036796E-1
4,305000	-1,050129E-1
4,310000	-1,021797E-1
4,315000	-1,029297E-1
4,320000	-1,041796E-1
4,325000	-1,035130E-1
4,330000	-1,015964E-1
4,335000	-1,016797E-1
4,340000	-1,022630E-1
4,345000	-1,015964E-1
4,350000	-1,015131E-1
4,355000	-1,003465E-1
4,360000	-1,007631E-1
4,365000	-1,023463E-1
4,370000	-1,011797E-1
4,375000	-1,003465E-1
4,380000	-9,992982E-2
4,385000	-1,002631E-1
4,390000	-1,006798E-1
4,395000	-9,951318E-2
4,400000	-9,959650E-2
4,405000	-9,917986E-2
4,410000	-1,000131E-1
4,415000	-9,809659E-2
4,420000	-9,826325E-2
4,425000	-9,892988E-2
4,430000	-9,959650E-2
4,435000	-9,884655E-2
4,440000	-9,742996E-2
4,445000	-9,926319E-2
4,450000	-9,826325E-2
4,455000	-9,784660E-2
4,460000	-9,651334E-2
4,465000	-9,717997E-2
4,470000	-9,618003E-2
4,475000	-9,568006E-2
4,480000	-9,584672E-2
4,485000	-9,584672E-2
4,490000	-9,509676E-2
4,495000	-9,501343E-2
4,500000	-9,501343E-2
4,505000	-9,493010E-2
4,510000	-9,293021E-2
4,515000	-9,293021E-2
4,520000	-9,376350E-2
4,525000	-9,343018E-2
4,530000	-9,268023E-2
4,535000	-9,184694E-2
4,540000	-9,126364E-2
4,545000	-9,234691E-2
4,550000	-9,109698E-2
4,555000	-9,059701E-2
4,560000	-9,026370E-2
4,565000	-9,084700E-2
4,570000	-8,868045E-2
4,575000	-8,843047E-2
4,580000	-8,876378E-2
4,585000	-8,943041E-2
4,590000	-8,843047E-2
4,595000	-8,743052E-2
4,600000	-8,759718E-2
4,605000	-8,659723E-2
4,610000	-8,601393E-2
4,615000	-8,593061E-2
4,620000	-8,701388E-2
4,625000	-8,584728E-2
4,630000	-8,484733E-2
4,635000	-8,551396E-2
4,640000	-8,384739E-2
4,645000	-8,368073E-2
4,650000	-8,268079E-2
4,655000	-8,243080E-2
4,660000	-8,259746E-2
4,665000	-8,218082E-2
4,670000	-8,234747E-2
4,675000	-8,251413E-2
4,680000	-8,226414E-2
4,685000	-8,234747E-2
4,690000	-8,059757E-2
4,695000	-8,134753E-2
4,700000	-8,126420E-2
4,705000	-8,043091E-2
4,710000	-7,934764E-2
4,715000	-7,893100E-2
4,720000	-7,901433E-2
4,725000	-7,768107E-2
4,730000	-7,793105E-2
4,735000	-7,726443E-2
4,740000	-7,668113E-2
4,745000	-7,676445E-2
4,750000	-7,676445E-2
4,755000	-7,543120E-2
4,760000	-7,568118E-2
4,765000	-7,576451E-2
4,770000	-7,501455E-2
4,775000	-7,468124E-2
4,780000	-7,409794E-2
4,785000	-7,434792E-2
4,790000	-7,326465E-2
4,795000	-7,318132E-2
4,800000	-7,318132E-2
4,805000	-7,243136E-2
4,810000	-7,276468E-2
4,815000	-7,084812E-2
4,820000	-7,176473E-2
4,825000	-7,201472E-2
4,830000	-7,076479E-2
4,835000	-6,976485E-2
4,840000	-7,068146E-2
4,845000	-7,043148E-2
4,850000	-6,959819E-2
4,855000	-6,768163E-2
4,860000	-6,876490E-2
4,865000	-6,876490E-2
4,870000	-6,834826E-2
4,875000	-6,701500E-2
4,880000	-6,901489E-2
4,885000	-6,718166E-2
4,890000	-6,651503E-2
4,895000	-6,676502E-2
4,900000	-6,643170E-2
4,905000	-6,676502E-2
4,910000	-6,476513E-2
4,915000	-6,476513E-2
4,920000	-6,484846E-2
4,925000	-6,634837E-2
4,930000	-6,476513E-2
4,935000	-6,384851E-2
4,940000	-6,318188E-2
4,945000	-6,351520E-2
4,950000	-6,376518E-2
4,955000	-6,234860E-2
4,960000	-6,234860E-2
4,965000	-6,193195E-2
4,970000	-6,034871E-2
4,975000	-5,993207E-2
4,980000	-6,093201E-2
4,985000	-6,034871E-2
4,990000	-5,993207E-2
4,995000	-5,884879E-2
5,000000	-5,793218E-2
5,005000	-5,751554E-2
5,010000	-5,309912E-2
5,015000	-5,268247E-2
5,020000	-5,218250E-2
5,025000	-5,176586E-2
5,030000	-5,234916E-2
5,035000	-5,168253E-2
5,040000	-5,109923E-2
5,045000	-4,926600E-2
5,050000	-4,768275E-2
5,055000	-4,884936E-2
5,060000	-4,818273E-2
5,065000	-4,784941E-2
5,070000	-4,601618E-2
5,075000	-4,576620E-2
5,080000	-4,701613E-2
5,085000	-4,484958E-2
5,090000	-4,426628E-2
5,095000	-4,393297E-2
5,100000	-4,393297E-2
5,105000	-4,351632E-2
5,110000	-4,218306E-2
5,115000	-3,984986E-2
5,120000	-3,876659E-2
5,125000	-3,901657E-2
5,130000	-3,701669E-2
5,135000	-3,626673E-2
5,140000	-3,560010E-2
5,145000	-3,585009E-2
5,150000	-3,601674E-2
5,155000	-3,501680E-2
5,160000	-3,410018E-2
5,165000	-3,385020E-2
5,170000	-3,285025E-2
5,175000	-3,176698E-2
5,180000	-3,110035E-2
5,185000	-3,126701E-2
5,190000	-3,001708E-2
5,195000	-2,951711E-2
5,200000	-2,701725E-2
5,205000	-2,751722E-2
5,210000	-2,685059E-2
5,215000	-2,626729E-2
5,220000	-2,451739E-2
5,225000	-2,443406E-2
5,230000	-2,251750E-2
5,235000	-2,301747E-2
5,240000	-2,210086E-2
5,245000	-2,301747E-2
5,250000	-2,060094E-2
5,255000	-1,968433E-2
5,260000	-1,893437E-2
5,265000	-1,826774E-2
5,270000	-1,693448E-2
5,275000	-1,460128E-2
5,280000	-1,476794E-2
5,285000	-1,426797E-2
5,290000	-1,451795E-2
5,295000	-1,285138E-2
5,300000	-1,201809E-2
5,305000	-1,226808E-2
5,310000	-9,768218E-3
5,315000	-9,268246E-3
5,320000	-7,435016E-3
5,325000	-6,935044E-3
5,330000	-6,851715E-3
5,335000	-5,601785E-3
5,340000	-4,518513E-3
5,345000	-4,601841E-3
5,350000	-2,601954E-3
5,355000	-1,102038E-3
5,360000	-6,020662E-4
5,365000	-1,352024E-3
5,370000	-1,020943E-4
5,375000	3,145490E-4
5,380000	8,978495E-4
5,385000	7,311922E-4
5,390000	2,564423E-3
5,395000	3,064394E-3
5,400000	5,480925E-3
5,405000	4,480982E-3
5,410000	7,064170E-3
5,415000	7,480813E-3
5,420000	8,647414E-3
5,425000	7,897456E-3
5,430000	7,314156E-3
5,435000	1,048064E-2
5,440000	1,031399E-2
5,445000	1,073063E-2
5,450000	1,331382E-2
5,455000	1,206389E-2
5,460000	1,348048E-2
5,465000	1,473041E-2
5,470000	1,514705E-2
5,475000	1,606366E-2
5,480000	1,614699E-2
5,485000	1,681362E-2
5,490000	1,689695E-2
5,495000	1,698028E-2
5,500000	1,739692E-2
5,505000	1,856352E-2
5,510000	1,964680E-2
5,515000	2,006344E-2
5,520000	2,089673E-2
5,525000	1,981345E-2
5,530000	2,231331E-2
5,535000	2,173001E-2
5,540000	2,264663E-2
5,545000	2,306327E-2
5,550000	2,422987E-2
5,555000	2,472984E-2
5,560000	2,597977E-2
5,565000	2,714637E-2
5,570000	2,856296E-2
5,575000	2,906293E-2
5,580000	3,047952E-2
5,585000	2,989622E-2
5,590000	3,031286E-2
5,595000	3,139614E-2
5,600000	3,247941E-2
5,605000	3,339602E-2
5,610000	3,447930E-2
5,615000	3,614587E-2
5,620000	3,789577E-2
5,625000	3,831241E-2
5,630000	3,881239E-2
5,635000	3,956234E-2
5,640000	4,039563E-2
5,645000	4,139557E-2
5,650000	4,339546E-2
5,655000	4,556201E-2
5,660000	4,581199E-2
5,665000	4,706192E-2
5,670000	4,789521E-2
5,675000	4,914514E-2
5,680000	5,272827E-2
5,685000	5,256161E-2
5,690000	5,372821E-2
5,695000	5,672805E-2
5,700000	5,747800E-2
5,705000	5,839462E-2
5,710000	6,064449E-2
5,715000	6,256105E-2
5,720000	6,297770E-2
5,725000	6,531090E-2
5,730000	6,664416E-2
5,735000	6,789409E-2
5,740000	6,964399E-2
5,745000	6,914402E-2
5,750000	7,364376E-2
5,755000	7,306046E-2
5,760000	7,447705E-2
5,765000	7,689358E-2
5,770000	7,964343E-2
5,775000	7,997674E-2
5,780000	8,039338E-2
5,785000	8,247660E-2
5,790000	8,414317E-2
5,795000	8,530977E-2
5,800000	8,789296E-2
5,805000	8,964286E-2
5,810000	9,105945E-2
5,815000	9,289268E-2
5,820000	9,339265E-2
5,825000	9,555920E-2
5,830000	9,630916E-2
5,835000	9,847570E-2
5,840000	1,006422E-1
5,845000	1,011422E-1
5,850000	1,036421E-1
5,855000	1,038921E-1
5,860000	1,054753E-1
5,865000	1,066419E-1
5,870000	1,080585E-1
5,875000	1,107250E-1
5,880000	1,114750E-1
5,885000	1,127249E-1
5,890000	1,143915E-1
5,895000	1,163080E-1
5,900000	1,161414E-1
5,905000	1,175580E-1
5,910000	1,188912E-1
5,915000	1,213078E-1
5,920000	1,228077E-1
5,925000	1,218911E-1
5,930000	1,245576E-1
5,935000	1,261408E-1
5,940000	1,262241E-1
5,945000	1,272241E-1
5,950000	1,288073E-1
5,955000	1,303072E-1
5,960000	1,312239E-1
5,965000	1,319738E-1
5,970000	1,328071E-1
5,975000	1,337237E-1
5,980000	1,337237E-1
5,985000	1,345570E-1
5,990000	1,360569E-1
5,995000	1,379735E-1
6,000000	1,381401E-1
6,005000	1,389734E-1
6,010000	1,385568E-1
6,015000	1,415566E-1
6,020000	1,401400E-1
6,025000	1,421399E-1
6,030000	1,436398E-1
6,035000	1,431399E-1
6,040000	1,429732E-1
6,045000	1,448898E-1
6,050000	1,463897E-1
6,055000	1,465563E-1
6,060000	1,474729E-1
6,065000	1,486395E-1
6,070000	1,503061E-1
6,075000	1,507228E-1
6,080000	1,504728E-1
6,085000	1,506394E-1
6,090000	1,519727E-1
6,095000	1,543059E-1
6,100000	1,559725E-1
6,105000	1,544726E-1
6,110000	1,570557E-1
6,115000	1,579724E-1
6,120000	1,581390E-1
6,125000	1,590556E-1
6,130000	1,618888E-1
6,135000	1,621388E-1
6,140000	1,619721E-1
6,145000	1,645553E-1
6,150000	1,639720E-1
6,155000	1,660552E-1
6,160000	1,665552E-1
6,165000	1,673052E-1
6,170000	1,679718E-1
6,175000	1,695550E-1
6,180000	1,716383E-1
6,185000	1,707216E-1
6,190000	1,724715E-1
6,195000	1,716383E-1
6,200000	1,734715E-1
6,205000	1,723049E-1
6,210000	1,739715E-1
6,215000	1,738881E-1
6,220000	1,750547E-1
6,225000	1,751381E-1
6,230000	1,752214E-1
6,235000	1,775546E-1
6,240000	1,769713E-1
6,245000	1,768880E-1
6,250000	1,768880E-1
6,255000	1,767213E-1
6,260000	1,773879E-1
6,265000	1,773879E-1
6,270000	1,787212E-1
6,275000	1,793045E-1
6,280000	1,798045E-1
6,285000	1,788045E-1
6,290000	1,783045E-1
6,295000	1,791378E-1
6,300000	1,782212E-1
6,305000	1,797211E-1
6,310000	1,803044E-1
6,315000	1,800545E-1
6,320000	1,800545E-1
6,325000	1,796378E-1
6,330000	1,805544E-1
6,335000	1,800545E-1
6,340000	1,805544E-1
6,345000	1,788878E-1
6,350000	1,803878E-1
6,355000	1,795545E-1
6,360000	1,803878E-1
6,365000	1,783879E-1
6,370000	1,798878E-1
6,375000	1,795545E-1
6,380000	1,792212E-1
6,385000	1,788878E-1
6,390000	1,784712E-1
6,395000	1,788045E-1
6,400000	1,764713E-1
6,405000	1,777212E-1
6,410000	1,764713E-1
6,415000	1,771379E-1
6,420000	1,769713E-1
6,425000	1,770546E-1
6,430000	1,757214E-1
6,435000	1,768046E-1
6,440000	1,748881E-1
6,445000	1,746381E-1
6,450000	1,740548E-1
6,455000	1,740548E-1
6,460000	1,748047E-1
6,465000	1,721382E-1
6,470000	1,728882E-1
6,475000	1,729715E-1
6,480000	1,712216E-1
6,485000	1,716383E-1
6,490000	1,693051E-1
6,495000	1,695550E-1
6,500000	1,699717E-1
6,505000	1,694717E-1
6,510000	1,698050E-1
6,515000	1,681385E-1
6,520000	1,690551E-1
6,525000	1,668885E-1
6,530000	1,672218E-1
6,535000	1,665552E-1
6,540000	1,651386E-1
6,545000	1,648053E-1
6,550000	1,655553E-1
6,555000	1,650553E-1
6,560000	1,633887E-1
6,565000	1,638054E-1
6,570000	1,636387E-1
6,575000	1,633887E-1
6,580000	1,625554E-1
6,585000	1,608889E-1
6,590000	1,621388E-1
6,595000	1,598889E-1
6,600000	1,593889E-1
6,605000	1,598056E-1
6,610000	1,592223E-1
6,615000	1,583890E-1
6,620000	1,586390E-1
6,625000	1,571391E-1
6,630000	1,569724E-1
6,635000	1,572224E-1
6,640000	1,574724E-1
6,645000	1,548892E-1
6,650000	1,539726E-1
6,655000	1,548059E-1
6,660000	1,545559E-1
6,665000	1,540559E-1
6,670000	1,545559E-1
6,675000	1,533893E-1
6,680000	1,540559E-1
6,685000	1,523060E-1
6,690000	1,524727E-1
6,695000	1,528060E-1
6,700000	1,519727E-1
6,705000	1,508894E-1
6,710000	1,505561E-1
6,715000	1,507228E-1
6,720000	1,512227E-1
6,725000	1,513894E-1
6,730000	1,507228E-1
6,735000	1,512227E-1
6,740000	1,494728E-1
6,745000	1,496395E-1
6,750000	1,474729E-1
6,755000	1,476396E-1
6,760000	1,484729E-1
6,765000	1,469730E-1
6,770000	1,457230E-1
6,775000	1,461397E-1
6,780000	1,464730E-1
6,785000	1,457230E-1
6,790000	1,451397E-1
6,795000	1,453897E-1
6,800000	1,424732E-1
6,805000	1,433898E-1
6,810000	1,431399E-1
6,815000	1,429732E-1
6,820000	1,440565E-1
6,825000	1,413900E-1
6,830000	1,417233E-1
6,835000	1,423066E-1
6,840000	1,402234E-1
6,845000	1,392234E-1
6,850000	1,397234E-1
6,855000	1,398900E-1
6,860000	1,386401E-1
6,865000	1,370569E-1
6,870000	1,378902E-1
6,875000	1,377235E-1
6,880000	1,349737E-1
6,885000	1,348070E-1
6,890000	1,351403E-1
6,895000	1,338070E-1
6,900000	1,348070E-1
6,905000	1,328904E-1
6,910000	1,333904E-1
6,915000	1,327238E-1
6,920000	1,310572E-1
6,925000	1,310572E-1
6,930000	1,303906E-1
6,935000	1,304739E-1
6,940000	1,296406E-1
6,945000	1,281407E-1
6,950000	1,287240E-1
6,955000	1,279740E-1
6,960000	1,275574E-1
6,965000	1,263075E-1
6,970000	1,265575E-1
6,975000	1,251409E-1
6,980000	1,250575E-1
6,985000	1,248076E-1
6,990000	1,243909E-1
6,995000	1,231410E-1
7,000000	1,225577E-1
7,005000	1,223077E-1
7,010000	1,212244E-1
7,015000	1,201412E-1
7,020000	1,203911E-1
7,025000	1,195578E-1
7,030000	1,196412E-1
7,035000	1,178079E-1
7,040000	1,183912E-1
7,045000	1,168913E-1
7,050000	1,157247E-1
7,055000	1,158914E-1
7,060000	1,149748E-1
7,065000	1,151414E-1
7,070000	1,162247E-1
7,075000	1,130582E-1
7,080000	1,126416E-1
7,085000	1,127249E-1
7,090000	1,116416E-1
7,095000	1,126416E-1
7,100000	1,099751E-1
7,105000	1,118916E-1
7,110000	1,113916E-1
7,115000	1,103917E-1
7,120000	1,092251E-1
7,125000	1,095584E-1
7,130000	1,079752E-1
7,135000	1,085585E-1
7,140000	1,071419E-1
7,145000	1,068919E-1
7,150000	1,059753E-1
7,155000	1,068919E-1
7,160000	1,051420E-1
7,165000	1,038087E-1
7,170000	1,025588E-1
7,175000	1,028088E-1
7,180000	1,018088E-1
7,185000	1,007256E-1
7,190000	1,008922E-1
7,195000	1,014755E-1
7,200000	1,003923E-1
7,205000	1,006422E-1
7,210000	9,955897E-2
7,215000	1,000589E-1
7,220000	9,997562E-2
7,225000	9,747576E-2
7,230000	9,814239E-2
7,235000	9,764241E-2
7,240000	9,764241E-2
7,245000	9,680913E-2
7,250000	9,589251E-2
7,255000	9,514255E-2
7,260000	9,622583E-2
7,265000	9,447593E-2
7,270000	9,372597E-2
7,275000	9,422594E-2
7,280000	9,314267E-2
7,285000	9,297601E-2
7,290000	9,330932E-2
7,295000	9,247604E-2
7,300000	9,264270E-2
7,305000	9,072614E-2
7,310000	9,080946E-2
7,315000	9,172608E-2
7,320000	8,997618E-2
7,325000	8,905956E-2
7,330000	8,989285E-2
7,335000	8,947621E-2
7,340000	8,930955E-2
7,345000	8,905956E-2
7,350000	8,839293E-2
7,355000	8,797629E-2
7,360000	8,772630E-2
7,365000	8,647637E-2
7,370000	8,655970E-2
7,375000	8,664303E-2
7,380000	8,472647E-2
7,385000	8,439316E-2
7,390000	8,522645E-2
7,395000	8,664303E-2
7,400000	8,497646E-2
7,405000	8,339321E-2
7,410000	8,380986E-2
7,415000	8,397652E-2
7,420000	8,339321E-2
7,425000	8,280991E-2
7,430000	8,289324E-2
7,435000	8,289324E-2
7,440000	8,264326E-2
7,445000	8,222661E-2
7,450000	8,230994E-2
7,455000	8,197663E-2
7,460000	8,039338E-2
7,465000	8,056004E-2
7,470000	7,989341E-2
7,475000	7,989341E-2
7,480000	7,697691E-2
7,485000	7,822684E-2
7,490000	7,714357E-2
7,495000	7,847682E-2
7,500000	7,714357E-2
7,505000	7,789352E-2
7,510000	7,564365E-2
7,515000	7,714357E-2
7,520000	7,714357E-2
7,525000	7,556032E-2
7,530000	7,497702E-2
7,535000	7,497702E-2
7,540000	7,406041E-2
7,545000	7,247716E-2
7,550000	7,322712E-2
7,555000	7,206052E-2
7,560000	7,214385E-2
7,565000	7,114390E-2
7,570000	7,097725E-2
7,575000	7,339378E-2
7,580000	7,081059E-2
7,585000	7,031062E-2
7,590000	7,047727E-2
7,595000	7,031062E-2
7,600000	6,864404E-2
7,605000	6,947733E-2
7,610000	6,881070E-2
7,615000	6,806074E-2
7,620000	6,839406E-2
7,625000	6,789409E-2
7,630000	6,697747E-2
7,635000	6,731078E-2
7,640000	6,706080E-2
7,645000	6,606086E-2
7,650000	6,614418E-2
7,655000	6,556088E-2
7,660000	6,597753E-2
7,665000	6,597753E-2
7,670000	6,456094E-2
7,675000	6,381098E-2
7,680000	6,397764E-2
7,685000	6,389431E-2
7,690000	6,214441E-2
7,695000	6,322768E-2
7,700000	6,289437E-2
7,705000	6,156111E-2
7,710000	6,147778E-2
7,715000	6,239439E-2
7,720000	6,164444E-2
7,725000	5,972788E-2
7,730000	6,022785E-2
7,735000	5,956122E-2
7,740000	5,856128E-2
7,745000	5,897792E-2
7,750000	5,972788E-2
7,755000	5,806130E-2
7,760000	5,756133E-2
7,765000	5,639473E-2
7,770000	5,556145E-2
7,775000	5,522813E-2
7,780000	5,489482E-2
7,785000	5,472816E-2
7,790000	5,464483E-2
7,795000	5,497814E-2
7,800000	5,322824E-2
7,805000	5,339490E-2
7,810000	5,289493E-2
7,815000	5,172833E-2
7,820000	5,189498E-2
7,825000	5,181166E-2
7,830000	5,114503E-2
7,835000	5,089504E-2
7,840000	5,156167E-2
7,845000	4,914514E-2
7,850000	5,072838E-2
7,855000	4,972844E-2
7,860000	4,839518E-2
7,865000	4,781188E-2
7,870000	4,814520E-2
7,875000	4,656195E-2
7,880000	4,681194E-2
7,885000	4,656195E-2
7,890000	4,572866E-2
7,895000	4,431208E-2
7,900000	4,397876E-2
7,905000	4,381211E-2
7,910000	4,181222E-2
7,915000	4,339546E-2
7,920000	4,272883E-2
7,925000	4,122892E-2
7,930000	4,031230E-2
7,935000	4,056229E-2
7,940000	3,997899E-2
7,945000	3,972900E-2
7,950000	3,872906E-2
7,955000	3,872906E-2
7,960000	3,906237E-2
7,965000	3,764578E-2
7,970000	3,806243E-2
7,975000	3,547924E-2
7,980000	3,647918E-2
7,985000	3,606254E-2
7,990000	3,506260E-2
7,995000	3,506260E-2
8,000000	3,456262E-2
8,005000	3,456262E-2
8,010000	3,381267E-2
8,015000	3,297938E-2
8,020000	3,306271E-2
8,025000	3,272939E-2
8,030000	3,164612E-2
8,035000	3,189611E-2
8,040000	3,281272E-2
8,045000	3,064618E-2
8,050000	3,039619E-2
8,055000	2,947958E-2
8,060000	3,022953E-2
8,065000	3,006288E-2
8,070000	2,947958E-2
8,075000	2,922959E-2
8,080000	2,789633E-2
8,085000	2,889628E-2
8,090000	2,781300E-2
8,095000	2,772968E-2
8,100000	2,747969E-2
8,105000	2,739636E-2
8,110000	2,839630E-2
8,115000	2,747969E-2
8,120000	2,606310E-2
8,125000	2,589645E-2
8,130000	2,472984E-2
8,135000	2,656307E-2
8,140000	2,622976E-2
8,145000	2,364657E-2
8,150000	2,522982E-2
8,155000	2,447986E-2
8,160000	2,264663E-2
8,165000	2,297994E-2
8,170000	2,331326E-2
8,175000	2,181334E-2
8,180000	2,131337E-2
8,185000	2,081340E-2
8,190000	2,114671E-2
8,195000	2,056341E-2
8,200000	2,006344E-2
8,205000	2,064674E-2
8,210000	1,973012E-2
8,215000	1,881351E-2
8,220000	1,856352E-2
8,225000	1,831354E-2
8,230000	1,856352E-2
8,235000	1,639698E-2
8,240000	1,823021E-2
8,245000	1,689695E-2
8,250000	1,673029E-2
8,255000	1,798022E-2
8,260000	1,506372E-2
8,265000	1,489706E-2
8,270000	1,581368E-2
8,275000	1,348048E-2
8,280000	1,281385E-2
8,285000	1,314716E-2
8,290000	1,481373E-2
8,295000	1,448042E-2
8,300000	1,264719E-2
8,305000	1,181390E-2
8,310000	1,164725E-2
8,315000	1,281385E-2
8,320000	1,123060E-2
8,325000	1,023066E-2
8,330000	1,039732E-2
8,335000	1,173057E-2
8,340000	1,131393E-2
8,345000	9,564029E-3
8,350000	1,031399E-2
8,355000	8,314100E-3
8,360000	8,814071E-3
8,365000	8,897400E-3
8,370000	8,897400E-3
8,375000	7,730799E-3
8,380000	8,230771E-3
8,385000	7,064170E-3
8,390000	5,980897E-3
8,395000	5,147611E-3
8,400000	5,064282E-3
8,405000	4,814296E-3
8,410000	3,897681E-3
8,415000	4,480982E-3
8,420000	4,730967E-3
8,425000	3,897681E-3
8,430000	1,231164E-3
8,435000	3,147723E-3
8,440000	2,064451E-3
8,445000	2,231108E-3
8,450000	2,397765E-3
8,455000	1,481150E-3
8,460000	1,564479E-3
8,465000	1,147835E-3
8,470000	-3,520803E-4
8,475000	2,312203E-4
8,480000	6,456300E-5
8,485000	-6,020662E-4
8,490000	-9,353808E-4
8,495000	1,478917E-4
8,500000	-2,851940E-3
8,505000	-2,185311E-3
8,510000	-1,935325E-3
8,515000	-2,601954E-3
8,520000	-4,435184E-3
8,525000	-4,518513E-3
8,530000	-4,435184E-3
8,535000	-4,518513E-3
8,540000	-4,435184E-3
8,545000	-5,435128E-3
8,550000	-5,601785E-3
8,555000	-5,685114E-3
8,560000	-6,351743E-3
8,565000	-7,685002E-3
8,570000	-8,101645E-3
8,575000	-7,934988E-3
8,580000	-8,184974E-3
8,585000	-9,018260E-3
8,590000	-9,268246E-3
8,595000	-1,001820E-2
8,600000	-1,168478E-2
8,605000	-1,176811E-2
8,610000	-1,268472E-2
8,615000	-1,218475E-2
8,620000	-1,343468E-2
8,625000	-1,468461E-2
8,630000	-1,226808E-2
8,635000	-1,376799E-2
8,640000	-1,385132E-2
8,645000	-1,360134E-2
8,650000	-1,601787E-2
8,655000	-1,651784E-2
8,660000	-1,593454E-2
8,665000	-1,743445E-2
8,670000	-1,810108E-2
8,675000	-1,743445E-2
8,680000	-1,835107E-2
8,685000	-1,851773E-2
8,690000	-1,985098E-2
8,695000	-1,926768E-2
8,700000	-2,043429E-2
8,705000	-2,143423E-2
8,710000	-2,051761E-2
8,715000	-2,226752E-2
8,720000	-2,276749E-2
8,725000	-2,243417E-2
8,730000	-2,318413E-2
8,735000	-2,360077E-2
8,740000	-2,468405E-2
8,745000	-2,576732E-2
8,750000	-2,593398E-2
8,755000	-2,576732E-2
8,760000	-2,676726E-2
8,765000	-2,685059E-2
8,770000	-2,626729E-2
8,775000	-2,626729E-2
8,780000	-2,751722E-2
8,785000	-2,935045E-2
8,790000	-2,876715E-2
8,795000	-2,860049E-2
8,800000	-2,918379E-2
8,805000	-3,135034E-2
8,810000	-3,118368E-2
8,815000	-3,010041E-2
8,820000	-3,143367E-2
8,825000	-3,293358E-2
8,830000	-3,301691E-2
8,835000	-3,310024E-2
8,840000	-3,435017E-2
8,845000	-3,326690E-2
8,850000	-3,443350E-2
8,855000	-3,376687E-2
8,860000	-3,551677E-2
8,865000	-3,718334E-2
8,870000	-3,568343E-2
8,875000	-3,576676E-2
8,880000	-3,743333E-2
8,885000	-3,718334E-2
8,890000	-3,859993E-2
8,895000	-3,818329E-2
8,900000	-3,926656E-2
8,905000	-3,959988E-2
8,910000	-4,051649E-2
8,915000	-4,009985E-2
8,920000	-4,143311E-2
8,925000	-4,051649E-2
8,930000	-4,259971E-2
8,935000	-4,293302E-2
8,940000	-4,409962E-2
8,945000	-4,318301E-2
8,950000	-4,418295E-2
8,955000	-4,468292E-2
8,960000	-4,618284E-2
8,965000	-4,609951E-2
8,970000	-4,534955E-2
8,975000	-4,618284E-2
8,980000	-4,726611E-2
8,985000	-4,751610E-2
8,990000	-4,526622E-2
8,995000	-4,559954E-2
9,000000	-4,768275E-2
9,005000	-4,668281E-2
9,010000	-4,793274E-2
9,015000	-4,726611E-2
9,020000	-4,851604E-2
9,025000	-4,959931E-2
9,030000	-4,993263E-2
9,035000	-4,909934E-2
9,040000	-4,976597E-2
9,045000	-5,018261E-2
9,050000	-5,118256E-2
9,055000	-5,084924E-2
9,060000	-5,159920E-2
9,065000	-5,184919E-2
9,070000	-5,093257E-2
9,075000	-5,051593E-2
9,080000	-5,176586E-2
9,085000	-5,218250E-2
9,090000	-5,293246E-2
9,095000	-5,368242E-2
9,100000	-5,318245E-2
9,105000	-5,451570E-2
9,110000	-5,501568E-2
9,115000	-5,534899E-2
9,120000	-5,409906E-2
9,125000	-5,526566E-2
9,130000	-5,484902E-2
9,135000	-5,618228E-2
9,140000	-5,668225E-2
9,145000	-5,751554E-2
9,150000	-5,726555E-2
9,155000	-5,793218E-2
9,160000	-5,843215E-2
9,165000	-5,809884E-2
9,170000	-6,151531E-2
9,175000	-6,009872E-2
9,180000	-6,051537E-2
9,185000	-6,251525E-2
9,190000	-6,234860E-2
9,195000	-6,243193E-2
9,200000	-6,293190E-2
9,205000	-6,326521E-2
9,210000	-6,459847E-2
9,215000	-6,476513E-2
9,220000	-6,543176E-2
9,225000	-6,543176E-2
9,230000	-6,501511E-2
9,235000	-6,551509E-2
9,240000	-6,693167E-2
9,245000	-6,793162E-2
9,250000	-6,701500E-2
9,255000	-6,826493E-2
9,260000	-6,959819E-2
9,265000	-7,018149E-2
9,270000	-6,901489E-2
9,275000	-6,976485E-2
9,280000	-6,951486E-2
9,285000	-7,076479E-2
9,290000	-7,034815E-2
9,295000	-7,001483E-2
9,300000	-7,009816E-2
9,305000	-6,868157E-2
9,310000	-6,851492E-2
9,315000	-6,693167E-2
9,320000	-6,601506E-2
9,325000	-6,443181E-2
9,330000	-6,368186E-2
9,335000	-6,276524E-2
9,340000	-6,393184E-2
9,345000	-6,334854E-2
9,350000	-6,293190E-2
9,355000	-6,134865E-2
9,360000	-6,134865E-2
9,365000	-6,268191E-2
9,370000	-6,151531E-2
9,375000	-6,101534E-2
9,380000	-6,276524E-2
9,385000	-6,226527E-2
9,390000	-6,368186E-2
9,395000	-6,393184E-2
9,400000	-6,434848E-2
9,405000	-6,443181E-2
9,410000	-6,559841E-2
9,415000	-6,609839E-2
9,420000	-6,784829E-2
9,425000	-6,693167E-2
9,430000	-6,668169E-2
9,435000	-6,868157E-2
9,440000	-7,018149E-2
9,445000	-6,951486E-2
9,450000	-7,151475E-2
9,455000	-7,109811E-2
9,460000	-7,184806E-2
9,465000	-7,409794E-2
9,470000	-7,351464E-2
9,475000	-7,326465E-2
9,480000	-7,568118E-2
9,485000	-7,559785E-2
9,490000	-7,709777E-2
9,495000	-7,668113E-2
9,500000	-7,659780E-2
9,505000	-7,843103E-2
9,510000	-7,909766E-2
9,515000	-8,109754E-2
9,520000	-8,159752E-2
9,525000	-8,118087E-2
9,530000	-8,426403E-2
9,535000	-8,476400E-2
9,540000	-8,576395E-2
9,545000	-8,701388E-2
9,550000	-8,784716E-2
9,555000	-8,951374E-2
9,560000	-8,959707E-2
9,565000	-9,184694E-2
9,570000	-9,151363E-2
9,575000	-9,151363E-2
9,580000	-9,234691E-2
9,585000	-9,343018E-2
9,590000	-9,543007E-2
9,595000	-9,443013E-2
9,600000	-9,534674E-2
9,605000	-9,643002E-2
9,610000	-9,618003E-2
9,615000	-9,726330E-2
9,620000	-1,000131E-1
9,625000	-1,005964E-1
9,630000	-1,024297E-1
9,635000	-1,018464E-1
9,640000	-1,033463E-1
9,645000	-1,035130E-1
9,650000	-1,046796E-1
9,655000	-1,057628E-1
9,660000	-1,073461E-1
9,665000	-1,085960E-1
9,670000	-1,079294E-1
9,675000	-1,095959E-1
9,680000	-1,116792E-1
9,685000	-1,123458E-1
9,690000	-1,125124E-1
9,695000	-1,132624E-1
9,700000	-1,133457E-1
9,705000	-1,146790E-1
9,710000	-1,145957E-1
9,715000	-1,150123E-1
9,720000	-1,166789E-1
9,725000	-1,175955E-1
9,730000	-1,192621E-1
9,735000	-1,189288E-1
9,740000	-1,178455E-1
9,745000	-1,205953E-1
9,750000	-1,211786E-1
9,755000	-1,215119E-1
9,760000	-1,220119E-1
9,765000	-1,226785E-1
9,770000	-1,227619E-1
9,775000	-1,240118E-1
9,780000	-1,245951E-1
9,785000	-1,246784E-1
9,790000	-1,251784E-1
9,795000	-1,268450E-1
9,800000	-1,255950E-1
9,805000	-1,266783E-1
9,810000	-1,277616E-1
9,815000	-1,274283E-1
9,820000	-1,274283E-1
9,825000	-1,285115E-1
9,830000	-1,285115E-1
9,835000	-1,295948E-1
9,840000	-1,306781E-1
9,845000	-1,305114E-1
9,850000	-1,312614E-1
9,855000	-1,307614E-1
9,860000	-1,320947E-1
9,865000	-1,318447E-1
9,870000	-1,349279E-1
9,875000	-1,334279E-1
9,880000	-1,342612E-1
9,885000	-1,358445E-1
9,890000	-1,359278E-1
9,895000	-1,359278E-1
9,900000	-1,365111E-1
9,905000	-1,379277E-1
9,910000	-1,394276E-1
9,915000	-1,394276E-1
9,920000	-1,407609E-1
9,925000	-1,420941E-1
9,930000	-1,428441E-1
9,935000	-1,438440E-1
9,940000	-1,439273E-1
9,945000	-1,464272E-1
9,950000	-1,455939E-1
9,955000	-1,466772E-1
9,960000	-1,482604E-1
9,965000	-1,505936E-1
9,970000	-1,503437E-1
9,975000	-1,525935E-1
9,980000	-1,535101E-1
9,985000	-1,539268E-1
9,990000	-1,530102E-1
9,995000	-1,549267E-1
10,000000	-1,558433E-1
10,005000	-1,579266E-1
10,010000	-1,587598E-1
10,015000	-1,583432E-1
10,020000	-1,600931E-1
10,025000	-1,629263E-1
10,030000	-1,634263E-1
10,035000	-1,640929E-1
10,040000	-1,662594E-1
10,045000	-1,685093E-1
10,050000	-1,712591E-1
10,055000	-1,710925E-1
10,060000	-1,722591E-1
10,065000	-1,730090E-1
10,070000	-1,743423E-1
10,075000	-1,750923E-1
10,080000	-1,766755E-1
10,085000	-1,773421E-1
10,090000	-1,792587E-1
10,095000	-1,785921E-1
10,100000	-1,809253E-1
10,105000	-1,793420E-1
10,110000	-1,835918E-1
10,115000	-1,838418E-1
10,120000	-1,840918E-1
10,125000	-1,842584E-1
10,130000	-1,850084E-1
10,135000	-1,833418E-1
10,140000	-1,854250E-1
10,145000	-1,865083E-1
10,150000	-1,871749E-1
10,155000	-1,881749E-1
10,160000	-1,874249E-1
10,165000	-1,877582E-1
10,170000	-1,891748E-1
10,175000	-1,891748E-1
10,180000	-1,898414E-1
10,185000	-1,905081E-1
10,190000	-1,915080E-1
10,195000	-1,915080E-1
10,200000	-1,912580E-1
10,205000	-1,920080E-1
10,210000	-1,935912E-1
10,215000	-1,934246E-1
10,220000	-1,942579E-1
10,225000	-1,946745E-1
10,230000	-1,941745E-1
10,235000	-1,941745E-1
10,240000	-1,969244E-1
10,245000	-1,979243E-1
10,250000	-1,991742E-1
10,255000	-1,993409E-1
10,260000	-2,001742E-1
10,265000	-1,992576E-1
10,270000	-2,010908E-1
10,275000	-2,010075E-1
10,280000	-2,009241E-1
10,285000	-2,017574E-1
10,290000	-2,020074E-1
10,295000	-2,039240E-1
10,300000	-2,031740E-1
10,305000	-2,045906E-1
10,310000	-2,055072E-1
10,315000	-2,039240E-1
10,320000	-2,050072E-1
10,325000	-2,051739E-1
10,330000	-2,064238E-1
10,335000	-2,061738E-1
10,340000	-2,071738E-1
10,345000	-2,082571E-1
10,350000	-2,090904E-1
10,355000	-2,083404E-1
10,360000	-2,099236E-1
10,365000	-2,099236E-1
10,370000	-2,109236E-1
10,375000	-2,127568E-1
10,380000	-2,130901E-1
10,385000	-2,133401E-1
10,390000	-2,137568E-1
10,395000	-2,132568E-1
10,400000	-2,155900E-1
10,405000	-2,160900E-1
10,410000	-2,187565E-1
10,415000	-2,180898E-1
10,420000	-2,183398E-1
10,425000	-2,197564E-1
10,430000	-2,199231E-1
10,435000	-2,205897E-1
10,440000	-2,234229E-1
10,445000	-2,240062E-1
10,450000	-2,248395E-1
10,455000	-2,260894E-1
10,460000	-2,259227E-1
10,465000	-2,277560E-1
10,470000	-2,289226E-1
10,475000	-2,305058E-1
10,480000	-2,297559E-1
10,485000	-2,312558E-1
10,490000	-2,325890E-1
10,495000	-2,336723E-1
10,500000	-2,349222E-1
10,505000	-2,361722E-1
10,510000	-2,348389E-1
10,515000	-2,368388E-1
10,520000	-2,380054E-1
10,525000	-2,400886E-1
10,530000	-2,387554E-1
10,535000	-2,401719E-1
10,540000	-2,428385E-1
10,545000	-2,421718E-1
10,550000	-2,421718E-1
10,555000	-2,435884E-1
10,560000	-2,448383E-1
10,565000	-2,442550E-1
10,570000	-2,438384E-1
10,575000	-2,442550E-1
10,580000	-2,454216E-1
10,585000	-2,449217E-1
10,590000	-2,447550E-1
10,595000	-2,457550E-1
10,600000	-2,468382E-1
10,605000	-2,478382E-1
10,610000	-2,475049E-1
10,615000	-2,476715E-1
10,620000	-2,479215E-1
10,625000	-2,480882E-1
10,630000	-2,494214E-1
10,635000	-2,483381E-1
10,640000	-2,478382E-1
10,645000	-2,506713E-1
10,650000	-2,490048E-1
10,655000	-2,485881E-1
10,660000	-2,500047E-1
10,665000	-2,495047E-1
10,670000	-2,505047E-1
10,675000	-2,505047E-1
10,680000	-2,506713E-1
10,685000	-2,521713E-1
10,690000	-2,515880E-1
10,695000	-2,521713E-1
10,700000	-2,530879E-1
10,705000	-2,529212E-1
10,710000	-2,540045E-1
10,715000	-2,533379E-1
10,720000	-2,535879E-1
10,725000	-2,528379E-1
10,730000	-2,535045E-1
10,735000	-2,538378E-1
10,740000	-2,546711E-1
10,745000	-2,540045E-1
10,750000	-2,541712E-1
10,755000	-2,546711E-1
10,760000	-2,542545E-1
10,765000	-2,561710E-1
10,770000	-2,555877E-1
10,775000	-2,558377E-1
10,780000	-2,556711E-1
10,785000	-2,573376E-1
10,790000	-2,567543E-1
10,795000	-2,561710E-1
10,800000	-2,600875E-1
10,805000	-2,617541E-1
10,810000	-2,632540E-1
10,815000	-2,626707E-1
10,820000	-2,642539E-1
10,825000	-2,645872E-1
10,830000	-2,645039E-1
10,835000	-2,645039E-1
10,840000	-2,660872E-1
10,845000	-2,662538E-1
10,850000	-2,665038E-1
10,855000	-2,669204E-1
10,860000	-2,663371E-1
10,865000	-2,676704E-1
10,870000	-2,676704E-1
10,875000	-2,674204E-1
10,880000	-2,680037E-1
10,885000	-2,693370E-1
10,890000	-2,675037E-1
10,895000	-2,684204E-1
10,900000	-2,692536E-1
10,905000	-2,689203E-1
10,910000	-2,689203E-1
10,915000	-2,692536E-1
10,920000	-2,694203E-1
10,925000	-2,692536E-1
10,930000	-2,694203E-1
10,935000	-2,697536E-1
10,940000	-2,705869E-1
10,945000	-2,708369E-1
10,950000	-2,705869E-1
10,955000	-2,715035E-1
10,960000	-2,713369E-1
10,965000	-2,728368E-1
10,970000	-2,730034E-1
10,975000	-2,720035E-1
10,980000	-2,734201E-1
10,985000	-2,730034E-1
10,990000	-2,726701E-1
10,995000	-2,720868E-1
11,000000	-2,742534E-1
11,005000	-2,742534E-1
11,010000	-2,743367E-1
11,015000	-2,754200E-1
11,020000	-2,771699E-1
11,025000	-2,761699E-1
11,030000	-2,750866E-1
11,035000	-2,774198E-1
11,040000	-2,758366E-1
11,045000	-2,771699E-1
11,050000	-2,776698E-1
11,055000	-2,771699E-1
11,060000	-2,759199E-1
11,065000	-2,779198E-1
11,070000	-2,785031E-1
11,075000	-2,790031E-1
11,080000	-2,782531E-1
11,085000	-2,792531E-1
11,090000	-2,785031E-1
11,095000	-2,775865E-1
11,100000	-2,790864E-1
11,105000	-2,804197E-1
11,110000	-2,812530E-1
11,115000	-2,801697E-1
11,120000	-2,790864E-1
11,125000	-2,808363E-1
11,130000	-2,811696E-1
11,135000	-2,807530E-1
11,140000	-2,802530E-1
11,145000	-2,814196E-1
11,150000	-2,811696E-1
11,155000	-2,820029E-1
11,160000	-2,810863E-1
11,165000	-2,815030E-1
11,170000	-2,806697E-1
11,175000	-2,811696E-1
11,180000	-2,819196E-1
11,185000	-2,819196E-1
11,190000	-2,807530E-1
11,195000	-2,811696E-1
11,200000	-2,825029E-1
11,205000	-2,809197E-1
11,210000	-2,801697E-1
11,215000	-2,810030E-1
11,220000	-2,814196E-1
11,225000	-2,807530E-1
11,230000	-2,790864E-1
11,235000	-2,795031E-1
11,240000	-2,790864E-1
11,245000	-2,784198E-1
11,250000	-2,797530E-1
11,255000	-2,781698E-1
11,260000	-2,788364E-1
11,265000	-2,786698E-1
11,270000	-2,777532E-1
11,275000	-2,770865E-1
11,280000	-2,770865E-1
11,285000	-2,775865E-1
11,290000	-2,765032E-1
11,295000	-2,765866E-1
11,300000	-2,760033E-1
11,305000	-2,760866E-1
11,310000	-2,761699E-1
11,315000	-2,765866E-1
11,320000	-2,761699E-1
11,325000	-2,752533E-1
11,330000	-2,753366E-1
11,335000	-2,754200E-1
11,340000	-2,744200E-1
11,345000	-2,754200E-1
11,350000	-2,751700E-1
11,355000	-2,744200E-1
11,360000	-2,730868E-1
11,365000	-2,749200E-1
11,370000	-2,743367E-1
11,375000	-2,737534E-1
11,380000	-2,737534E-1
11,385000	-2,732534E-1
11,390000	-2,726701E-1
11,395000	-2,719202E-1
11,400000	-2,715035E-1
11,405000	-2,709202E-1
11,410000	-2,706702E-1
11,415000	-2,703369E-1
11,420000	-2,717535E-1
11,425000	-2,710869E-1
11,430000	-2,705869E-1
11,435000	-2,690037E-1
11,440000	-2,689203E-1
11,445000	-2,690870E-1
11,450000	-2,672538E-1
11,455000	-2,685037E-1
11,460000	-2,685870E-1
11,465000	-2,680870E-1
11,470000	-2,670038E-1
11,475000	-2,665871E-1
11,480000	-2,656705E-1
11,485000	-2,665871E-1
11,490000	-2,655872E-1
11,495000	-2,648372E-1
11,500000	-2,641706E-1
11,505000	-2,645039E-1
11,510000	-2,625873E-1
11,515000	-2,633373E-1
11,520000	-2,631706E-1
11,525000	-2,635873E-1
11,530000	-2,627540E-1
11,535000	-2,612541E-1
11,540000	-2,605041E-1
11,545000	-2,609208E-1
11,550000	-2,600875E-1
11,555000	-2,600875E-1
11,560000	-2,582543E-1
11,565000	-2,591709E-1
11,570000	-2,585876E-1
11,575000	-2,576710E-1
11,580000	-2,580043E-1
11,585000	-2,575043E-1
11,590000	-2,563377E-1
11,595000	-2,570043E-1
11,600000	-2,565877E-1
11,605000	-2,556711E-1
11,610000	-2,554211E-1
11,615000	-2,548378E-1
11,620000	-2,547545E-1
11,625000	-2,545878E-1
11,630000	-2,545045E-1
11,635000	-2,531712E-1
11,640000	-2,530046E-1
11,645000	-2,527546E-1
11,650000	-2,518380E-1
11,655000	-2,510880E-1
11,660000	-2,512547E-1
11,665000	-2,516713E-1
11,670000	-2,505880E-1
11,675000	-2,498381E-1
11,680000	-2,490881E-1
11,685000	-2,504214E-1
11,690000	-2,480048E-1
11,695000	-2,470882E-1
11,700000	-2,478382E-1
11,705000	-2,463383E-1
11,710000	-2,476715E-1
11,715000	-2,454216E-1
11,720000	-2,450050E-1
11,725000	-2,462549E-1
11,730000	-2,450883E-1
11,735000	-2,442550E-1
11,740000	-2,436717E-1
11,745000	-2,438384E-1
11,750000	-2,415885E-1
11,755000	-2,410886E-1
11,760000	-2,425885E-1
11,765000	-2,410886E-1
11,770000	-2,396720E-1
11,775000	-2,392553E-1
11,780000	-2,390887E-1
11,785000	-2,385887E-1
11,790000	-2,381721E-1
11,795000	-2,392553E-1
11,800000	-2,374221E-1
11,805000	-2,370888E-1
11,810000	-2,362555E-1
11,815000	-2,351722E-1
11,820000	-2,355889E-1
11,825000	-2,359222E-1
11,830000	-2,340889E-1
11,835000	-2,347556E-1
11,840000	-2,329223E-1
11,845000	-2,324224E-1
11,850000	-2,344223E-1
11,855000	-2,329223E-1
11,860000	-2,323390E-1
11,865000	-2,315891E-1
11,870000	-2,308391E-1
11,875000	-2,310891E-1
11,880000	-2,310891E-1
11,885000	-2,309225E-1
11,890000	-2,302558E-1
11,895000	-2,293392E-1
11,900000	-2,286726E-1
11,905000	-2,283393E-1
11,910000	-2,284226E-1
11,915000	-2,243395E-1
11,920000	-2,253394E-1
11,925000	-2,254228E-1
11,930000	-2,240062E-1
11,935000	-2,243395E-1
11,940000	-2,249228E-1
11,945000	-2,230062E-1
11,950000	-2,220896E-1
11,955000	-2,214230E-1
11,960000	-2,213397E-1
11,965000	-2,220896E-1
11,970000	-2,225063E-1
11,975000	-2,215063E-1
11,980000	-2,211730E-1
11,985000	-2,207564E-1
11,990000	-2,201731E-1
11,995000	-2,206730E-1
12,000000	-2,205897E-1
12,005000	-2,195064E-1
12,010000	-2,191731E-1
12,015000	-2,177565E-1
12,020000	-2,183398E-1
12,025000	-2,173399E-1
12,030000	-2,180065E-1
12,035000	-2,163399E-1
12,040000	-2,185898E-1
12,045000	-2,170066E-1
12,050000	-2,162566E-1
12,055000	-2,151733E-1
12,060000	-2,160900E-1
12,065000	-2,160066E-1
12,070000	-2,138401E-1
12,075000	-2,147567E-1
12,080000	-2,151733E-1
12,085000	-2,150067E-1
12,090000	-2,154233E-1
12,095000	-2,127568E-1
12,100000	-2,130901E-1
12,105000	-2,129235E-1
12,110000	-2,134234E-1
12,115000	-2,145900E-1
12,120000	-2,136734E-1
12,125000	-2,129235E-1
12,130000	-2,135901E-1
12,135000	-2,120902E-1
12,140000	-2,129235E-1
12,145000	-2,130068E-1
12,150000	-2,117569E-1
12,155000	-2,106736E-1
12,160000	-2,116735E-1
12,165000	-2,115902E-1
12,170000	-2,120902E-1
12,175000	-2,109236E-1
12,180000	-2,105903E-1
12,185000	-2,108403E-1
12,190000	-2,106736E-1
12,195000	-2,101736E-1
12,200000	-2,082571E-1
12,205000	-2,105069E-1
12,210000	-2,093403E-1
12,215000	-2,096737E-1
12,220000	-2,093403E-1
12,225000	-2,094237E-1
12,230000	-2,100070E-1
12,235000	-2,101736E-1
12,240000	-2,103403E-1
12,245000	-2,097570E-1
12,250000	-2,085071E-1
12,255000	-2,083404E-1
12,260000	-2,075071E-1
12,265000	-2,076738E-1
12,270000	-2,078404E-1
12,275000	-2,069238E-1
12,280000	-2,095903E-1
12,285000	-2,090070E-1
12,290000	-2,060072E-1
12,295000	-2,073405E-1
12,300000	-2,060905E-1
12,305000	-2,073405E-1
12,310000	-2,065072E-1
12,315000	-2,061738E-1
12,320000	-2,075071E-1
12,325000	-2,063405E-1
12,330000	-2,061738E-1
12,335000	-2,057572E-1
12,340000	-2,048406E-1
12,345000	-2,062572E-1
12,350000	-2,062572E-1
12,355000	-2,057572E-1
12,360000	-2,061738E-1
12,365000	-2,065905E-1
12,370000	-2,050906E-1
12,375000	-2,039240E-1
12,380000	-2,058405E-1
12,385000	-2,054239E-1
12,390000	-2,040073E-1
12,395000	-2,037573E-1
12,400000	-2,045073E-1
12,405000	-2,047573E-1
12,410000	-2,060905E-1
12,415000	-2,050072E-1
12,420000	-2,044239E-1
12,425000	-2,063405E-1
12,430000	-2,048406E-1
12,435000	-2,042573E-1
12,440000	-2,057572E-1
12,445000	-2,059239E-1
12,450000	-2,035907E-1
12,455000	-2,053406E-1
12,460000	-2,040073E-1
12,465000	-2,044239E-1
12,470000	-2,042573E-1
12,475000	-2,050072E-1
12,480000	-2,042573E-1
12,485000	-2,039240E-1
12,490000	-2,042573E-1
12,495000	-2,046739E-1
12,500000	-2,048406E-1
12,505000	-2,044239E-1
12,510000	-2,044239E-1
12,515000	-2,042573E-1
12,520000	-2,039240E-1
12,525000	-2,040906E-1
12,530000	-2,038406E-1
12,535000	-2,040906E-1
12,540000	-2,039240E-1
12,545000	-2,027574E-1
12,550000	-2,026740E-1
12,555000	-2,028407E-1
12,560000	-2,022574E-1
12,565000	-2,024241E-1
12,570000	-2,024241E-1
12,575000	-2,021741E-1
12,580000	-2,021741E-1
12,585000	-2,034240E-1
12,590000	-2,026740E-1
12,595000	-2,015908E-1
12,600000	-2,028407E-1
12,605000	-2,014241E-1
12,610000	-2,019241E-1
12,615000	-2,023407E-1
12,620000	-2,009241E-1
12,625000	-2,009241E-1
12,630000	-2,011741E-1
12,635000	-2,010908E-1
12,640000	-2,025074E-1
12,645000	-2,021741E-1
12,650000	-2,010908E-1
12,655000	-2,011741E-1
12,660000	-2,008408E-1
12,665000	-2,014241E-1
12,670000	-2,003408E-1
12,675000	-2,003408E-1
12,680000	-1,995909E-1
12,685000	-2,004242E-1
12,690000	-1,992576E-1
12,695000	-1,992576E-1
12,700000	-1,993409E-1
12,705000	-1,994242E-1
12,710000	-1,990909E-1
12,715000	-1,986743E-1
12,720000	-1,988409E-1
12,725000	-1,978410E-1
12,730000	-1,992576E-1
12,735000	-1,989243E-1
12,740000	-1,989243E-1
12,745000	-1,990076E-1
12,750000	-1,976743E-1
12,755000	-1,981743E-1
12,760000	-1,986743E-1
12,765000	-1,978410E-1
12,770000	-1,979243E-1
12,775000	-1,980910E-1
12,780000	-1,989243E-1
12,785000	-1,987576E-1
12,790000	-1,987576E-1
12,795000	-1,973410E-1
12,800000	-1,989243E-1
12,805000	-2,000075E-1
12,810000	-1,985909E-1
12,815000	-2,001742E-1
12,820000	-2,015074E-1
12,825000	-1,995909E-1
12,830000	-1,994242E-1
12,835000	-2,003408E-1
12,840000	-2,000075E-1
12,845000	-2,000909E-1
12,850000	-1,988409E-1
12,855000	-1,992576E-1
12,860000	-1,997575E-1
12,865000	-2,002575E-1
12,870000	-1,999242E-1
12,875000	-1,996742E-1
12,880000	-2,011741E-1
12,885000	-2,006742E-1
12,890000	-2,019241E-1
12,895000	-2,001742E-1
12,900000	-1,997575E-1
12,905000	-2,008408E-1
12,910000	-1,990909E-1
12,915000	-2,001742E-1
12,920000	-1,997575E-1
12,925000	-1,992576E-1
12,930000	-1,989243E-1
12,935000	-1,980910E-1
12,940000	-1,990076E-1
12,945000	-1,991742E-1
12,950000	-1,980910E-1
12,955000	-1,980910E-1
12,960000	-1,976743E-1
12,965000	-1,975910E-1
12,970000	-1,960911E-1
12,975000	-1,968410E-1
12,980000	-1,970077E-1
12,985000	-1,970077E-1
12,990000	-1,952578E-1
12,995000	-1,957578E-1
13,000000	-1,953411E-1
13,005000	-1,949245E-1
13,010000	-1,941745E-1
13,015000	-1,934246E-1
13,020000	-1,931746E-1
13,025000	-1,939245E-1
13,030000	-1,935912E-1
13,035000	-1,930079E-1
13,040000	-1,918413E-1
13,045000	-1,940912E-1
13,050000	-1,922580E-1
13,055000	-1,920913E-1
13,060000	-1,916747E-1
13,065000	-1,924246E-1
13,070000	-1,936746E-1
13,075000	-1,922580E-1
13,080000	-1,925080E-1
13,085000	-1,927579E-1
13,090000	-1,917580E-1
13,095000	-1,917580E-1
13,100000	-1,911747E-1
13,105000	-1,910080E-1
13,110000	-1,910080E-1
13,115000	-1,900081E-1
13,120000	-1,894248E-1
13,125000	-1,909247E-1
13,130000	-1,881749E-1
13,135000	-1,872582E-1
13,140000	-1,874249E-1
13,145000	-1,888415E-1
13,150000	-1,874249E-1
13,155000	-1,868416E-1
13,160000	-1,881749E-1
13,165000	-1,876749E-1
13,170000	-1,865083E-1
13,175000	-1,862583E-1
13,180000	-1,869249E-1
13,185000	-1,865916E-1
13,190000	-1,858417E-1
13,195000	-1,864250E-1
13,200000	-1,863416E-1
13,205000	-1,862583E-1
13,210000	-1,868416E-1
13,215000	-1,845084E-1
13,220000	-1,845084E-1
13,225000	-1,849250E-1
13,230000	-1,844251E-1
13,235000	-1,829252E-1
13,240000	-1,838418E-1
13,245000	-1,830085E-1
13,250000	-1,826752E-1
13,255000	-1,805086E-1
13,260000	-1,800920E-1
13,265000	-1,801753E-1
13,270000	-1,810919E-1
13,275000	-1,800087E-1
13,280000	-1,802586E-1
13,285000	-1,805920E-1
13,290000	-1,799253E-1
13,295000	-1,814252E-1
13,300000	-1,803420E-1
13,305000	-1,807586E-1
13,310000	-1,804253E-1
13,315000	-1,796753E-1
13,320000	-1,807586E-1
13,325000	-1,790087E-1
13,330000	-1,793420E-1
13,335000	-1,793420E-1
13,340000	-1,794254E-1
13,345000	-1,786754E-1
13,350000	-1,790087E-1
13,355000	-1,790087E-1
13,360000	-1,772588E-1
13,365000	-1,785087E-1
13,370000	-1,787587E-1
13,375000	-1,790920E-1
13,380000	-1,793420E-1
13,385000	-1,792587E-1
13,390000	-1,782588E-1
13,395000	-1,798420E-1
13,400000	-1,782588E-1
13,405000	-1,789254E-1
13,410000	-1,787587E-1
13,415000	-1,789254E-1
13,420000	-1,810919E-1
13,425000	-1,788421E-1
13,430000	-1,788421E-1
13,435000	-1,790087E-1
13,440000	-1,791754E-1
13,445000	-1,777588E-1
13,450000	-1,782588E-1
13,455000	-1,785087E-1
13,460000	-1,789254E-1
13,465000	-1,787587E-1
13,470000	-1,780088E-1
13,475000	-1,777588E-1
13,480000	-1,778421E-1
13,485000	-1,775088E-1
13,490000	-1,770922E-1
13,495000	-1,773421E-1
13,500000	-1,776755E-1
13,505000	-1,765088E-1
13,510000	-1,773421E-1
13,515000	-1,776755E-1
13,520000	-1,765922E-1
13,525000	-1,775921E-1
13,530000	-1,757589E-1
13,535000	-1,762589E-1
13,540000	-1,766755E-1
13,545000	-1,756756E-1
13,550000	-1,748423E-1
13,555000	-1,745090E-1
13,560000	-1,742590E-1
13,565000	-1,742590E-1
13,570000	-1,739257E-1
13,575000	-1,738423E-1
13,580000	-1,735923E-1
13,585000	-1,740923E-1
13,590000	-1,726757E-1
13,595000	-1,710092E-1
13,600000	-1,725924E-1
13,605000	-1,712591E-1
13,610000	-1,719258E-1
13,615000	-1,711758E-1
13,620000	-1,708425E-1
13,625000	-1,706758E-1
13,630000	-1,700092E-1
13,635000	-1,711758E-1
13,640000	-1,699259E-1
13,645000	-1,715091E-1
13,650000	-1,702592E-1
13,655000	-1,684260E-1
13,660000	-1,690093E-1
13,665000	-1,684260E-1
13,670000	-1,687593E-1
13,675000	-1,685093E-1
13,680000	-1,688426E-1
13,685000	-1,690093E-1
13,690000	-1,678427E-1
13,695000	-1,670094E-1
13,700000	-1,661761E-1
13,705000	-1,673427E-1
13,710000	-1,673427E-1
13,715000	-1,665927E-1
13,720000	-1,653428E-1
13,725000	-1,658428E-1
13,730000	-1,667594E-1
13,735000	-1,644262E-1
13,740000	-1,652595E-1
13,745000	-1,657595E-1
13,750000	-1,645929E-1
13,755000	-1,643429E-1
13,760000	-1,640096E-1
13,765000	-1,624263E-1
13,770000	-1,622597E-1
13,775000	-1,621763E-1
13,780000	-1,627596E-1
13,785000	-1,620097E-1
13,790000	-1,611764E-1
13,795000	-1,609264E-1
13,800000	-1,626763E-1
13,805000	-1,612597E-1
13,810000	-1,605097E-1
13,815000	-1,602598E-1
13,820000	-1,589265E-1
13,825000	-1,595931E-1
13,830000	-1,595098E-1
13,835000	-1,592598E-1
13,840000	-1,593431E-1
13,845000	-1,606764E-1
13,850000	-1,584265E-1
13,855000	-1,583432E-1
13,860000	-1,583432E-1
13,865000	-1,589265E-1
13,870000	-1,580099E-1
13,875000	-1,589265E-1
13,880000	-1,580099E-1
13,885000	-1,586765E-1
13,890000	-1,600098E-1
13,895000	-1,595931E-1
13,900000	-1,590932E-1
13,905000	-1,580099E-1
13,910000	-1,577599E-1
13,915000	-1,584265E-1
13,920000	-1,580099E-1
13,925000	-1,580099E-1
13,930000	-1,590932E-1
13,935000	-1,594265E-1
13,940000	-1,589265E-1
13,945000	-1,585099E-1
13,950000	-1,571766E-1
13,955000	-1,586765E-1
13,960000	-1,578432E-1
13,965000	-1,590932E-1
13,970000	-1,580932E-1
13,975000	-1,566766E-1
13,980000	-1,576766E-1
13,985000	-1,567600E-1
13,990000	-1,564266E-1
13,995000	-1,560100E-1
14,000000	-1,569266E-1
14,005000	-1,563433E-1
14,010000	-1,557600E-1
14,015000	-1,560100E-1
14,020000	-1,554267E-1
14,025000	-1,565933E-1
14,030000	-1,562600E-1
14,035000	-1,562600E-1
14,040000	-1,559267E-1
14,045000	-1,546767E-1
14,050000	-1,547601E-1
14,055000	-1,555934E-1
14,060000	-1,550101E-1
14,065000	-1,555934E-1
14,070000	-1,560100E-1
14,075000	-1,549267E-1
14,080000	-1,553434E-1
14,085000	-1,546767E-1
14,090000	-1,546767E-1
14,095000	-1,554267E-1
14,100000	-1,537601E-1
14,105000	-1,549267E-1
14,110000	-1,535101E-1
14,115000	-1,530935E-1
14,120000	-1,540934E-1
14,125000	-1,541768E-1
14,130000	-1,543434E-1
14,135000	-1,529268E-1
14,140000	-1,543434E-1
14,145000	-1,535935E-1
14,150000	-1,540101E-1
14,155000	-1,522602E-1
14,160000	-1,538435E-1
14,165000	-1,531768E-1
14,170000	-1,527602E-1
14,175000	-1,523435E-1
14,180000	-1,525935E-1
14,185000	-1,510936E-1
14,190000	-1,524269E-1
14,195000	-1,527602E-1
14,200000	-1,539268E-1
14,205000	-1,522602E-1
14,210000	-1,516769E-1
14,215000	-1,528435E-1
14,220000	-1,532602E-1
14,225000	-1,525935E-1
14,230000	-1,525935E-1
14,235000	-1,524269E-1
14,240000	-1,513436E-1
14,245000	-1,529268E-1
14,250000	-1,520936E-1
14,255000	-1,531768E-1
14,260000	-1,521769E-1
14,265000	-1,532602E-1
14,270000	-1,510103E-1
14,275000	-1,515103E-1
14,280000	-1,519269E-1
14,285000	-1,515103E-1
14,290000	-1,515103E-1
14,295000	-1,510103E-1
14,300000	-1,501770E-1
14,305000	-1,515936E-1
14,310000	-1,508436E-1
14,315000	-1,510103E-1
14,320000	-1,499270E-1
14,325000	-1,503437E-1
14,330000	-1,510936E-1
14,335000	-1,500937E-1
14,340000	-1,490104E-1
14,345000	-1,505103E-1
14,350000	-1,505103E-1
14,355000	-1,500937E-1
14,360000	-1,501770E-1
14,365000	-1,501770E-1
14,370000	-1,495104E-1
14,375000	-1,490104E-1
14,380000	-1,508436E-1
14,385000	-1,509270E-1
14,390000	-1,496770E-1
14,395000	-1,504270E-1
14,400000	-1,505103E-1
14,405000	-1,486771E-1
14,410000	-1,497604E-1
14,415000	-1,487604E-1
14,420000	-1,485938E-1
14,425000	-1,496770E-1
14,430000	-1,502603E-1
14,435000	-1,489271E-1
14,440000	-1,498437E-1
14,445000	-1,485938E-1
14,450000	-1,483438E-1
14,455000	-1,478438E-1
14,460000	-1,494270E-1
14,465000	-1,491771E-1
14,470000	-1,487604E-1
14,475000	-1,480938E-1
14,480000	-1,492604E-1
14,485000	-1,490104E-1
14,490000	-1,484271E-1
14,495000	-1,491771E-1
14,500000	-1,489271E-1
14,505000	-1,495937E-1
14,510000	-1,500103E-1
14,515000	-1,508436E-1
14,520000	-1,491771E-1
14,525000	-1,513436E-1
14,530000	-1,500103E-1
14,535000	-1,499270E-1
14,540000	-1,489271E-1
14,545000	-1,501770E-1
14,550000	-1,502603E-1
14,555000	-1,504270E-1
14,560000	-1,516769E-1
14,565000	-1,497604E-1
14,570000	-1,505103E-1
14,575000	-1,497604E-1
14,580000	-1,508436E-1
14,585000	-1,505936E-1
14,590000	-1,510936E-1
14,595000	-1,514269E-1
14,600000	-1,506770E-1
14,605000	-1,507603E-1
14,610000	-1,519269E-1
14,615000	-1,507603E-1
14,620000	-1,515936E-1
14,625000	-1,512603E-1
14,630000	-1,514269E-1
14,635000	-1,507603E-1
14,640000	-1,510103E-1
14,645000	-1,531768E-1
14,650000	-1,517602E-1
14,655000	-1,505936E-1
14,660000	-1,510936E-1
14,665000	-1,506770E-1
14,670000	-1,499270E-1
14,675000	-1,505103E-1
14,680000	-1,500103E-1
14,685000	-1,510103E-1
14,690000	-1,511769E-1
14,695000	-1,503437E-1
14,700000	-1,520936E-1
14,705000	-1,520102E-1
14,710000	-1,515103E-1
14,715000	-1,498437E-1
14,720000	-1,499270E-1
14,725000	-1,505936E-1
14,730000	-1,510103E-1
14,735000	-1,500937E-1
14,740000	-1,505103E-1
14,745000	-1,510936E-1
14,750000	-1,520936E-1
14,755000	-1,510936E-1
14,760000	-1,496770E-1
14,765000	-1,515936E-1
14,770000	-1,515103E-1
14,775000	-1,509270E-1
14,780000	-1,525935E-1
14,785000	-1,499270E-1
14,790000	-1,505936E-1
14,795000	-1,510103E-1
14,800000	-1,506770E-1
14,805000	-1,508436E-1
14,810000	-1,515936E-1
14,815000	-1,510936E-1
14,820000	-1,509270E-1
14,825000	-1,511769E-1
14,830000	-1,507603E-1
14,835000	-1,510936E-1
14,840000	-1,535935E-1
14,845000	-1,515936E-1
14,850000	-1,513436E-1
14,855000	-1,508436E-1
14,860000	-1,515936E-1
14,865000	-1,514269E-1
14,870000	-1,521769E-1
14,875000	-1,521769E-1
14,880000	-1,528435E-1
14,885000	-1,526769E-1
14,890000	-1,528435E-1
14,895000	-1,527602E-1
14,900000	-1,526769E-1
14,905000	-1,516769E-1
14,910000	-1,525102E-1
14,915000	-1,535101E-1
14,920000	-1,530935E-1
14,925000	-1,535935E-1
14,930000	-1,540934E-1
14,935000	-1,543434E-1
14,940000	-1,543434E-1
14,945000	-1,539268E-1
14,950000	-1,549267E-1
14,955000	-1,547601E-1
14,960000	-1,549267E-1
14,965000	-1,564266E-1
14,970000	-1,548434E-1
14,975000	-1,548434E-1
14,980000	-1,550934E-1
14,985000	-1,558433E-1
14,990000	-1,556767E-1
14,995000	-1,542601E-1
15,000000	-1,557600E-1
15,005000	-1,574266E-1
15,010000	-1,561767E-1
15,015000	-1,562600E-1
15,020000	-1,568433E-1
15,025000	-1,565933E-1
15,030000	-1,561767E-1
15,035000	-1,558433E-1
15,040000	-1,559267E-1
15,045000	-1,585099E-1
15,050000	-1,581765E-1
15,055000	-1,573433E-1
15,060000	-1,579266E-1
15,065000	-1,565933E-1
15,070000	-1,568433E-1
15,075000	-1,573433E-1
15,080000	-1,567600E-1
15,085000	-1,577599E-1
15,090000	-1,568433E-1
15,095000	-1,568433E-1
15,100000	-1,565100E-1
15,105000	-1,555100E-1
15,110000	-1,559267E-1
15,115000	-1,548434E-1
15,120000	-1,555934E-1
15,125000	-1,550101E-1
15,130000	-1,550101E-1
15,135000	-1,546767E-1
15,140000	-1,562600E-1
15,145000	-1,557600E-1
15,150000	-1,546767E-1
15,155000	-1,546767E-1
15,160000	-1,543434E-1
15,165000	-1,545934E-1
15,170000	-1,547601E-1
15,175000	-1,538435E-1
15,180000	-1,550101E-1
15,185000	-1,553434E-1
15,190000	-1,552600E-1
15,195000	-1,553434E-1
15,200000	-1,546767E-1
15,205000	-1,545934E-1
15,210000	-1,544268E-1
15,215000	-1,535935E-1
15,220000	-1,545101E-1
15,225000	-1,554267E-1
15,230000	-1,542601E-1
15,235000	-1,543434E-1
15,240000	-1,552600E-1
15,245000	-1,542601E-1
15,250000	-1,540934E-1
15,255000	-1,535101E-1
15,260000	-1,553434E-1
15,265000	-1,544268E-1
15,270000	-1,536768E-1
15,275000	-1,549267E-1
15,280000	-1,539268E-1
15,285000	-1,538435E-1
15,290000	-1,545101E-1
15,295000	-1,532602E-1
15,300000	-1,546767E-1
15,305000	-1,554267E-1
15,310000	-1,548434E-1
15,315000	-1,558433E-1
15,320000	-1,559267E-1
15,325000	-1,562600E-1
15,330000	-1,550101E-1
15,335000	-1,555934E-1
15,340000	-1,565933E-1
15,345000	-1,559267E-1
15,350000	-1,553434E-1
15,355000	-1,555934E-1
15,360000	-1,557600E-1
15,365000	-1,551767E-1
15,370000	-1,550101E-1
15,375000	-1,550101E-1
15,380000	-1,553434E-1
15,385000	-1,560933E-1
15,390000	-1,550101E-1
15,395000	-1,559267E-1
15,400000	-1,552600E-1
15,405000	-1,560100E-1
15,410000	-1,555934E-1
15,415000	-1,559267E-1
15,420000	-1,546767E-1
15,425000	-1,547601E-1
15,430000	-1,554267E-1
15,435000	-1,548434E-1
15,440000	-1,553434E-1
15,445000	-1,544268E-1
15,450000	-1,547601E-1
15,455000	-1,559267E-1
15,460000	-1,551767E-1
15,465000	-1,552600E-1
15,470000	-1,561767E-1

